1 92 97 76 24 26 46 20 23 35 59 0 44 4 84 46 62 63 44 49 87 52 57 75 25 90 49 23 89 8 36 70 29 5 43 79 80 33 71 60 0 77 6 83 87 52 33 33 26 34 55 22 42 37 53 89 87 23 95 45 47 80 33 20 87 80 5 35 8 95 72 18 81 19 56 6 55 17 65 88 97 20 46 36 33 99 90 73 26 49 86 54 83 29 65 30 68 3 83 69 
92 61 30 79 43 50 23 4 65 17 27 68 63 45 13 63 68 12 35 52 2 12 51 19 86 49 80 81 29 28 68 99 60 63 33 2 99 66 83 77 14 86 36 40 16 96 39 71 67 37 29 58 75 91 77 35 58 50 1 28 88 16 41 79 93 25 8 59 24 31 5 86 44 45 20 48 8 71 68 25 66 21 55 65 37 35 76 59 57 97 25 7 71 62 6 49 17 19 60 35 
57 45 76 82 53 70 78 84 95 32 2 48 54 34 70 99 80 96 18 77 13 41 55 63 61 32 57 80 77 72 32 89 8 11 13 85 15 89 86 17 61 80 30 24 29 26 70 27 93 30 61 35 16 56 4 19 77 92 85 40 66 33 72 61 16 71 52 36 92 49 57 26 26 82 35 2 76 6 94 93 98 61 89 8 29 64 55 47 5 83 96 89 58 66 42 4 84 67 56 10 
23 51 15 3 7 16 54 89 96 34 18 22 16 85 75 1 35 43 37 60 28 13 59 52 11 27 4 13 18 44 78 39 0 83 23 17 86 88 86 89 4 22 63 81 36 65 18 9 68 23 82 49 94 58 65 75 31 88 66 28 21 53 25 52 26 85 50 83 45 12 81 35 27 6 89 82 8 2 8 92 39 88 29 50 19 34 63 9 40 40 73 1 93 48 2 71 27 17 8 93 
66 38 19 18 15 1 27 54 49 68 54 7 12 44 95 79 83 24 92 23 41 65 81 29 70 15 97 19 70 26 80 52 95 50 33 58 95 48 54 28 80 71 94 32 99 9 99 97 98 49 17 55 22 61 81 55 52 47 25 69 75 14 26 7 42 38 83 8 78 7 82 88 48 18 56 45 60 65 6 7 8 33 89 0 50 81 77 0 3 8 94 67 47 63 79 86 21 92 84 75 
58 90 1 91 68 27 92 54 71 38 51 26 93 36 21 51 11 29 79 91 56 94 65 80 32 82 79 94 75 78 9 99 10 61 74 76 54 44 40 90 25 13 11 12 94 22 49 59 4 96 69 8 5 9 26 72 99 31 5 14 44 90 89 12 58 39 71 23 85 58 35 81 28 89 38 7 53 54 64 72 45 95 35 35 47 88 88 36 96 85 14 74 3 65 45 79 10 30 1 93 
73 25 99 83 5 92 55 95 43 6 82 66 98 59 78 41 79 8 52 59 88 82 33 47 62 38 89 55 54 56 83 56 30 36 81 49 93 28 94 34 73 48 13 46 44 70 33 69 91 45 77 21 21 68 31 83 56 19 56 57 95 30 10 31 32 89 48 22 46 94 64 34 45 57 50 75 45 0 81 7 77 15 80 67 25 52 19 45 93 18 6 63 19 15 45 75 19 14 64 10 
70 38 77 79 65 44 20 82 46 39 42 88 95 34 1 68 74 58 46 6 10 16 56 51 63 29 97 98 67 48 83 50 15 28 52 63 4 59 97 53 39 66 7 91 35 21 3 56 34 97 72 52 73 29 14 21 12 10 45 47 16 63 43 5 83 83 86 96 61 52 53 38 37 8 45 72 88 34 75 60 75 67 92 46 19 45 11 3 32 79 11 86 39 67 48 31 25 49 15 97 
74 80 49 85 94 18 31 31 42 67 96 99 59 18 15 28 16 19 4 23 41 16 88 56 38 71 19 17 4 48 78 95 74 67 1 28 88 32 78 49 48 49 67 61 25 55 84 55 97 45 37 69 1 81 14 40 18 56 40 42 38 97 27 33 29 41 84 37 5 5 78 17 64 11 15 55 29 2 56 54 92 85 13 51 30 94 97 34 16 75 82 50 90 96 87 31 67 66 31 76 
19 15 26 36 37 59 25 56 75 35 22 69 35 4 28 51 87 86 88 15 98 14 5 45 72 64 54 22 88 9 29 31 85 24 58 53 55 95 4 64 19 85 51 21 84 74 99 37 19 50 76 34 66 29 67 92 80 11 67 12 20 75 27 24 3 81 55 92 99 33 85 75 29 2 87 9 73 98 2 75 88 94 29 23 51 50 41 18 90 59 39 59 91 36 28 66 93 22 65 25 
19 46 56 50 89 20 77 41 60 18 36 59 37 14 81 23 84 71 30 80 62 89 89 27 61 4 93 34 90 67 83 65 28 85 96 4 35 32 46 42 7 80 90 12 22 90 83 21 99 93 92 92 4 69 78 95 59 91 42 95 44 28 42 39 6 69 10 22 83 77 57 43 37 65 79 83 87 25 85 49 23 20 75 0 77 82 6 51 39 48 82 81 86 96 13 52 34 85 25 74 
98 53 14 88 78 25 72 51 88 9 16 84 52 92 20 44 83 2 48 27 63 92 82 84 33 88 13 50 22 91 26 2 62 42 31 1 50 48 0 56 97 80 75 80 78 17 23 91 12 87 20 4 17 84 29 25 79 72 30 63 80 81 88 2 68 46 58 83 77 89 49 98 70 67 7 72 97 6 39 37 70 50 12 37 91 77 40 19 5 68 91 63 18 19 12 68 33 87 23 45 
47 77 92 74 8 17 91 69 33 45 13 38 74 55 85 62 7 70 18 11 71 84 32 32 10 7 54 86 16 37 59 80 48 77 99 75 33 32 20 61 10 84 12 47 97 54 14 24 83 62 28 3 22 47 99 64 30 80 61 76 60 94 42 87 64 54 26 85 10 98 89 47 52 12 97 78 22 83 72 82 6 20 54 29 84 70 73 34 84 45 5 44 91 4 51 46 84 79 56 21 
60 56 35 7 47 52 83 38 80 69 82 36 59 49 7 85 31 21 81 27 79 79 47 32 84 37 11 17 86 59 26 54 45 98 6 98 84 2 47 64 57 53 34 34 60 57 87 25 53 52 53 70 83 62 75 7 62 43 49 37 91 69 99 24 51 40 85 55 49 92 85 22 48 3 28 37 24 24 19 35 92 71 97 71 32 78 97 30 31 99 70 17 80 22 64 28 72 78 65 91 
28 55 52 35 37 99 6 80 99 29 87 59 34 69 90 83 30 42 47 92 14 64 85 85 31 2 29 25 22 67 13 96 39 63 60 60 84 80 81 44 33 90 95 3 85 28 56 0 77 47 84 77 47 52 11 46 94 93 97 3 64 44 38 8 0 24 47 44 1 36 43 56 38 93 73 37 64 10 54 69 73 86 22 97 50 29 76 47 79 51 93 79 74 5 19 6 25 82 6 31 
84 41 52 88 58 31 76 92 7 36 84 39 50 17 1 29 91 48 43 48 64 67 32 95 80 26 13 83 96 48 56 93 73 28 48 20 6 28 14 57 30 78 60 76 72 40 51 40 55 17 52 22 60 38 55 58 90 39 16 10 96 39 3 31 28 77 38 49 88 16 55 19 1 27 59 23 4 25 89 63 40 92 20 83 75 28 25 33 28 63 63 67 69 11 15 4 58 92 74 46 
81 26 60 26 68 96 76 0 72 42 98 20 95 21 99 30 16 5 63 50 34 4 67 83 58 52 13 37 17 28 13 27 26 63 13 86 63 50 73 40 73 65 75 1 52 35 53 64 93 73 48 32 64 84 11 61 45 54 45 12 10 26 91 89 29 99 17 4 66 71 22 54 68 72 15 86 24 19 48 7 9 40 17 96 90 16 20 17 5 80 82 11 62 51 43 71 28 10 41 11 
5 63 68 62 79 44 32 86 73 13 31 18 36 49 94 88 32 95 93 47 79 63 85 74 71 81 86 57 61 40 37 68 60 20 31 33 68 64 2 4 77 41 48 6 79 81 30 50 27 43 71 88 41 3 5 67 95 52 71 12 98 73 83 29 92 85 38 78 58 54 86 7 63 47 27 21 72 20 66 18 57 58 33 59 32 8 87 56 97 54 95 75 42 92 18 44 7 21 22 85 
4 36 76 56 38 30 98 29 84 86 33 86 23 69 68 88 24 18 30 64 96 57 25 98 24 54 68 25 99 77 58 91 28 3 47 41 96 40 34 70 83 2 88 48 78 16 4 16 53 44 91 80 58 26 38 46 82 83 50 10 74 57 95 38 17 87 4 78 44 15 14 63 2 62 42 92 17 63 8 94 60 36 18 51 98 73 18 94 47 7 39 33 90 84 89 89 59 84 38 77 
2 43 91 40 71 60 68 96 87 26 25 19 43 76 50 85 12 66 20 62 83 57 0 58 17 36 3 41 38 65 2 48 78 6 28 9 24 97 90 6 54 8 38 29 40 85 16 87 48 57 76 14 86 67 56 39 77 7 5 76 70 4 35 90 24 63 59 59 87 41 27 25 61 98 4 14 49 23 3 87 98 53 92 63 20 39 20 30 73 46 44 53 75 7 38 36 76 33 24 21 
26 63 56 86 35 72 22 38 4 13 20 84 42 15 45 60 45 50 63 10 57 89 36 9 65 87 31 72 86 17 40 71 32 41 40 48 54 26 29 39 4 89 70 27 72 55 58 6 58 8 14 88 29 92 72 90 25 60 61 88 22 39 99 33 0 85 3 35 77 8 73 75 77 49 42 38 96 5 89 43 49 60 57 67 73 63 21 90 97 77 33 64 0 75 96 4 56 44 95 64 
44 85 5 77 54 30 87 24 39 53 6 29 11 24 99 75 21 97 22 81 30 92 6 7 53 20 4 99 23 2 18 77 79 47 22 54 97 72 46 93 7 2 50 64 1 18 77 40 21 7 88 77 1 63 33 89 27 24 66 71 93 46 0 85 54 68 55 61 33 82 79 14 21 46 5 58 41 63 46 15 37 97 11 72 20 19 89 6 19 21 3 55 54 70 94 85 58 9 49 98 
90 42 9 14 22 95 26 69 21 55 87 83 81 19 82 38 29 56 7 55 10 0 75 63 94 64 44 75 93 49 83 41 24 66 81 17 60 82 42 33 95 54 39 21 82 49 5 25 38 41 11 87 90 69 81 51 33 93 81 46 12 26 50 15 27 7 30 76 73 59 24 60 49 59 63 99 14 46 58 95 53 12 80 86 41 56 29 24 59 93 66 50 52 58 13 19 24 53 49 38 
44 61 53 8 70 72 46 51 6 91 58 56 13 75 86 65 18 8 68 61 89 32 78 0 27 18 41 98 1 64 53 43 72 49 44 48 73 31 33 5 67 84 96 54 89 7 27 59 64 94 54 19 73 50 58 39 71 34 82 10 47 31 51 96 43 0 90 93 44 45 56 15 51 45 70 91 55 20 84 72 69 34 14 0 28 22 33 3 66 18 19 89 51 55 75 28 20 76 27 2 
98 58 6 67 0 46 20 2 10 66 72 96 40 36 89 54 3 29 24 57 10 38 13 51 95 37 12 63 51 61 94 43 83 49 68 73 69 82 59 44 26 28 89 24 97 60 87 73 44 55 43 28 82 45 95 82 1 78 75 89 96 61 4 33 11 72 45 39 61 31 75 12 35 64 59 39 12 17 58 59 33 16 89 68 9 12 10 88 15 89 67 23 3 30 48 30 98 13 2 35 
30 91 27 46 37 64 31 22 37 77 65 30 80 36 22 61 5 31 69 17 23 13 49 8 32 46 19 8 52 29 27 56 43 83 51 34 65 57 13 80 40 58 38 46 31 6 92 84 61 82 97 59 72 29 4 49 91 3 56 15 54 12 95 95 88 11 57 9 49 11 64 81 5 65 18 9 61 87 36 45 53 29 54 52 9 54 9 12 40 86 0 10 42 61 10 3 61 34 26 10 
86 57 40 57 1 94 84 73 14 79 89 6 5 91 11 79 48 76 27 28 20 30 38 33 61 74 97 60 46 29 85 61 72 69 19 1 6 20 93 29 62 50 1 65 25 6 13 65 32 15 51 82 53 25 59 68 20 89 8 78 75 97 28 95 36 53 35 64 53 77 72 86 49 4 20 45 1 32 43 49 41 67 93 60 12 77 31 44 53 43 46 26 60 20 95 19 36 22 80 30 
23 51 90 59 43 80 47 30 37 14 26 47 83 91 56 77 18 83 25 0 38 80 12 3 97 2 63 57 66 88 71 8 42 79 90 12 20 92 42 33 22 47 29 19 2 89 37 69 73 59 22 20 41 12 25 70 99 69 88 42 85 2 47 69 92 21 57 17 80 50 88 61 58 17 25 6 2 95 19 9 99 5 41 1 36 54 34 45 24 64 93 53 80 86 73 13 95 52 15 95 
27 7 93 83 94 62 93 23 59 13 47 24 26 8 47 18 90 92 39 14 50 82 15 46 45 62 5 33 97 74 27 41 97 82 91 29 67 3 22 35 46 21 20 74 76 78 72 23 2 12 35 89 67 76 61 54 31 55 86 20 21 1 2 64 22 33 0 93 91 52 40 12 33 62 95 11 12 73 27 44 10 75 38 40 17 82 12 92 62 65 53 90 7 38 51 82 71 50 68 59 
0 73 82 8 21 83 88 52 82 10 60 94 9 41 58 69 22 55 91 48 22 56 65 87 78 9 27 61 74 98 32 77 72 46 25 87 51 37 2 36 18 21 96 24 67 73 92 71 88 73 95 26 63 96 75 20 8 58 25 77 61 9 19 21 5 42 52 87 53 76 2 36 64 25 67 99 44 41 31 71 2 98 96 39 37 60 55 89 80 48 14 16 30 19 15 98 78 50 88 62 
29 60 39 51 16 32 44 62 72 47 20 52 99 11 1 78 60 21 4 24 34 29 34 76 43 0 93 73 83 46 28 12 46 80 58 73 86 32 72 1 79 32 30 62 1 16 99 16 80 27 78 83 87 71 36 4 27 27 87 73 32 26 49 75 35 2 26 58 98 6 38 48 58 72 91 42 39 1 13 63 13 58 90 85 37 95 76 85 41 46 53 18 17 70 59 73 26 24 68 23 
28 86 3 16 67 14 51 95 65 74 44 81 71 65 44 10 5 12 52 54 47 3 39 28 10 81 81 73 82 83 67 47 0 91 35 24 67 44 56 17 43 30 31 42 35 6 67 35 19 52 33 55 68 50 47 80 71 81 8 16 31 87 97 35 55 95 73 8 83 76 3 68 89 18 23 93 79 35 12 95 64 61 2 77 92 9 76 81 4 76 7 25 69 75 19 53 47 88 1 45 
1 3 18 37 67 38 76 94 85 13 87 90 66 77 73 54 11 39 8 32 97 63 87 32 20 97 55 99 82 83 8 26 11 17 81 71 54 46 49 53 91 8 22 45 39 86 42 33 13 63 87 28 54 53 31 81 12 31 17 97 78 44 26 19 35 14 32 46 80 14 46 51 75 16 12 83 77 64 10 3 50 82 83 61 28 16 28 61 33 66 40 97 5 23 23 37 59 57 30 35 
54 37 45 82 76 76 3 52 26 73 49 34 42 28 49 83 85 38 41 75 75 90 17 81 81 92 77 35 2 84 95 37 69 28 27 57 33 29 64 97 40 60 10 37 42 5 4 7 78 92 11 32 27 59 32 57 40 74 43 85 15 65 40 13 67 87 87 21 52 83 26 57 65 92 45 72 0 52 49 76 40 6 46 90 75 4 56 27 97 14 43 68 48 41 97 85 38 70 54 8 
4 86 74 32 56 90 88 76 97 47 51 26 17 60 33 83 40 55 57 57 84 76 13 39 16 91 25 39 56 13 3 57 57 86 19 51 85 62 41 28 50 0 28 22 75 18 65 27 43 78 88 6 81 76 26 38 35 29 5 86 75 43 12 53 47 71 26 69 76 35 12 88 73 28 56 23 25 35 41 44 98 46 97 27 84 17 30 45 17 5 44 99 34 42 1 27 10 60 54 74 
97 55 22 93 80 19 40 17 99 16 38 36 27 66 19 3 5 93 80 21 10 41 39 81 84 72 68 19 42 82 20 42 68 88 62 26 14 24 36 20 36 53 67 87 8 48 15 78 4 42 5 37 90 27 9 60 95 22 10 85 79 97 28 50 25 55 33 47 54 73 27 77 34 58 85 19 59 6 68 88 25 29 8 74 70 55 99 97 50 28 6 54 17 37 73 33 52 28 7 93 
10 92 86 91 0 31 56 38 27 90 55 70 92 38 66 94 24 23 13 75 85 81 37 37 53 38 12 55 81 67 31 15 25 78 12 31 26 23 15 59 24 86 8 83 81 37 31 3 61 98 74 10 80 30 62 54 81 3 52 9 29 16 26 41 39 35 90 24 84 72 39 7 94 82 82 51 13 81 58 17 90 47 67 10 67 4 43 70 98 73 98 14 58 42 55 43 60 99 68 94 
30 68 47 89 17 8 57 91 62 80 84 30 81 79 31 80 59 53 52 64 97 28 41 87 50 30 87 6 92 77 45 57 37 24 64 53 1 23 6 82 82 60 44 84 76 34 31 19 86 49 2 24 37 80 30 34 99 84 66 25 75 14 49 62 55 35 21 59 54 94 89 32 7 6 86 31 9 60 22 51 25 50 13 15 9 81 73 29 51 32 39 41 13 90 65 48 89 55 59 16 
52 22 25 42 27 49 0 65 86 36 49 1 36 67 76 84 71 50 33 40 64 82 34 73 6 57 65 83 92 18 25 71 35 15 91 43 40 15 44 60 74 15 15 16 64 95 60 87 78 45 30 89 84 65 81 49 58 67 16 0 62 17 40 57 7 44 19 59 64 74 22 71 8 54 49 76 99 51 40 57 85 24 45 70 98 35 85 45 70 76 71 22 49 60 32 76 41 91 0 11 
98 55 75 27 90 43 99 18 15 7 97 41 14 84 82 98 49 26 60 14 72 43 46 37 51 11 4 83 39 34 82 78 58 6 55 3 83 74 8 45 34 18 54 63 84 92 97 18 59 63 94 87 65 33 8 26 50 54 97 39 70 26 70 72 72 27 85 19 87 49 41 49 98 94 40 91 47 50 76 5 67 57 47 72 14 78 85 64 8 56 30 54 71 87 28 61 87 38 61 7 
30 66 53 59 90 29 95 74 19 64 94 59 25 38 18 26 13 46 30 91 71 6 60 79 73 9 7 46 34 78 57 76 44 63 25 22 82 8 26 67 52 43 49 76 5 56 51 12 92 9 83 72 66 16 50 78 43 84 20 54 54 8 18 49 90 14 29 86 26 99 54 11 94 99 61 81 23 12 63 6 78 10 11 66 69 46 73 27 79 43 98 6 40 8 31 91 26 27 56 60 
89 58 70 49 94 80 48 61 48 98 10 33 98 26 71 29 40 12 77 47 80 19 2 53 0 10 22 13 13 20 94 78 21 25 75 45 30 38 75 61 62 22 55 24 78 73 42 13 87 81 45 38 6 48 80 71 94 66 91 35 11 71 52 7 89 63 8 99 47 60 41 91 98 48 71 23 77 3 29 95 98 11 74 38 20 38 39 0 95 47 15 93 9 2 62 4 6 53 18 96 
26 71 27 89 37 87 1 86 15 36 96 14 13 72 63 41 16 97 75 9 89 83 10 32 29 35 15 23 70 95 25 63 41 99 12 19 41 12 66 82 52 95 58 7 88 29 89 42 89 4 9 93 49 48 95 75 97 31 24 47 58 13 92 72 70 8 26 7 55 11 25 90 72 10 59 0 92 93 99 22 95 8 53 76 28 75 71 22 95 81 96 52 34 11 87 72 87 98 93 75 
76 24 80 99 99 75 36 88 11 34 18 35 27 62 42 43 29 16 73 54 81 23 60 11 7 52 56 26 66 40 62 39 47 79 68 11 50 27 77 52 46 38 9 15 39 87 69 9 35 74 14 61 38 87 0 87 3 81 48 38 46 40 37 9 91 91 75 9 11 34 29 42 82 78 77 42 56 42 18 46 48 42 77 14 18 14 95 44 31 66 54 60 31 76 13 59 86 61 21 14 
99 35 1 33 85 82 66 71 30 22 28 26 83 97 23 90 4 12 77 71 48 27 39 89 61 25 43 89 87 9 69 96 30 75 21 93 69 62 27 38 18 90 63 46 4 69 52 51 78 25 8 51 93 4 78 32 3 6 2 25 2 11 24 38 21 67 8 23 32 86 89 55 2 15 48 34 26 74 71 32 23 1 65 96 21 88 49 42 27 37 59 93 83 59 61 32 50 25 6 13 
20 37 51 83 36 33 95 40 11 18 93 50 51 23 91 15 70 61 72 14 0 72 5 44 2 64 1 47 99 1 52 86 96 24 54 21 34 88 71 82 38 23 41 28 74 12 47 75 27 53 77 24 91 40 21 59 79 64 68 34 79 53 2 91 4 3 77 17 82 19 73 71 0 99 12 6 41 92 56 4 60 85 29 24 94 1 47 76 14 9 61 85 33 3 7 38 36 22 13 31 
27 44 16 12 75 8 73 0 90 91 60 31 21 93 39 47 10 87 78 65 27 72 53 4 75 17 72 66 68 13 54 0 17 77 9 3 52 67 69 3 34 37 63 70 74 4 56 36 35 66 3 26 82 13 59 44 76 89 96 8 24 91 39 40 95 39 20 6 75 11 51 22 81 29 23 8 71 64 39 44 66 77 65 82 96 43 68 65 48 24 32 27 12 98 45 9 43 86 36 13 
64 98 44 5 72 41 89 82 40 67 50 69 61 25 33 53 99 64 39 5 95 89 91 11 20 24 23 13 4 9 5 6 28 66 80 17 45 7 72 66 65 2 93 57 18 58 98 55 72 90 77 82 57 94 78 12 20 46 30 35 54 6 65 31 85 80 98 61 74 40 97 91 38 37 49 96 91 88 77 65 76 30 89 59 38 17 85 11 64 27 1 68 69 75 41 96 41 20 79 25 
61 15 23 49 7 31 38 52 42 67 10 54 21 40 96 77 10 3 27 79 57 21 73 86 89 53 24 67 46 22 10 70 12 18 96 97 97 94 51 71 61 46 28 86 5 99 86 86 41 4 81 20 49 62 61 71 23 76 51 78 2 5 52 3 94 99 48 50 18 56 57 8 2 51 51 58 99 37 58 84 67 72 10 31 41 43 54 55 73 20 93 53 92 47 8 44 43 47 44 52 
96 34 95 32 56 40 93 24 62 40 85 79 57 98 71 71 82 72 80 41 12 96 4 42 84 6 19 58 22 18 0 44 69 32 50 22 43 10 55 3 36 77 46 90 5 8 75 92 70 13 38 17 77 22 68 63 89 63 37 51 1 76 23 93 95 37 9 34 47 61 0 4 44 40 94 49 48 32 27 11 55 82 41 43 70 44 22 23 9 86 17 46 43 17 46 27 12 63 37 5 
56 28 74 69 54 5 24 64 15 67 87 35 96 14 4 64 93 51 30 95 19 26 92 72 44 8 24 3 42 36 70 13 54 84 21 65 90 35 37 24 36 85 38 36 41 66 20 63 12 2 43 10 83 61 65 75 68 22 38 40 20 73 51 21 89 6 6 57 88 48 77 91 73 89 93 47 17 14 84 4 61 23 6 28 45 13 17 6 44 63 91 50 98 42 69 94 77 4 17 68 
64 78 91 80 53 89 47 95 66 54 69 32 71 44 54 37 98 63 67 33 30 43 12 42 44 99 79 50 34 58 1 50 54 50 35 8 4 63 25 68 15 66 23 97 37 67 44 22 48 11 8 33 87 42 85 86 42 52 82 12 5 58 94 83 7 71 43 45 17 92 6 50 72 85 97 2 93 58 60 94 88 9 76 61 39 7 21 45 24 96 53 20 36 54 94 12 89 7 48 34 
18 28 31 86 25 69 20 20 30 25 73 57 58 28 78 86 79 96 85 12 70 12 37 23 72 40 15 72 13 36 1 32 62 91 91 83 82 88 91 41 12 46 48 48 47 29 62 50 61 27 0 41 44 36 26 80 58 42 33 95 44 64 83 6 73 40 75 42 64 7 55 96 63 63 72 62 57 56 85 79 75 60 15 47 26 88 11 63 0 56 17 74 92 9 57 0 39 69 59 25 
73 37 23 98 75 30 21 55 78 73 11 73 7 93 1 74 45 76 96 57 8 20 54 64 87 47 89 74 12 40 74 90 62 48 56 1 8 61 69 48 44 68 43 78 47 89 55 59 75 91 26 89 57 69 93 81 71 8 20 61 81 22 81 89 0 26 49 8 50 13 38 52 5 9 94 52 10 51 28 37 9 50 85 99 82 42 6 2 38 71 97 8 28 50 59 36 37 44 39 28 
90 77 12 43 64 87 16 98 48 16 97 32 60 53 97 72 61 16 20 66 27 71 44 8 6 98 81 73 7 62 74 87 50 83 32 58 1 15 32 29 12 60 98 5 46 52 60 2 93 71 56 41 98 61 91 95 64 76 42 4 56 28 69 84 83 61 29 28 15 89 10 4 84 27 54 3 9 87 13 32 50 91 89 87 87 49 39 51 48 29 31 91 50 74 53 35 42 12 93 77 
88 93 59 59 47 65 14 6 72 49 38 11 0 59 88 97 17 62 35 4 75 41 92 96 67 19 57 97 9 40 33 61 47 63 91 10 45 57 85 55 38 88 19 73 43 1 9 54 26 14 29 20 58 64 24 7 5 68 58 5 6 53 23 29 4 90 29 50 58 92 28 17 93 34 86 25 47 39 35 71 34 71 45 85 76 86 87 38 39 49 35 7 44 27 55 24 87 83 70 82 
67 26 67 88 72 72 40 20 76 38 70 23 7 18 52 59 36 98 31 35 29 74 45 28 74 77 81 51 41 38 81 91 46 19 77 28 95 42 23 20 63 61 79 78 30 63 90 12 20 97 93 1 19 39 16 7 10 84 40 45 20 39 7 36 4 67 94 90 26 35 19 39 70 10 50 0 3 98 70 94 35 48 40 5 65 31 19 56 31 4 0 98 1 22 0 57 53 5 11 53 
49 29 84 97 26 91 90 50 42 3 49 0 21 16 26 74 7 88 99 71 81 25 82 34 8 74 83 2 98 34 12 94 28 90 49 56 92 10 4 79 44 73 54 3 86 76 27 64 69 0 3 89 72 39 70 38 78 5 88 68 45 94 68 16 75 67 86 30 62 13 84 71 23 65 22 86 2 67 48 95 87 80 28 93 80 9 31 21 65 77 57 62 0 61 12 19 22 0 40 7 
30 45 44 67 73 47 97 13 41 32 81 44 50 23 69 12 81 68 94 91 7 3 67 68 33 47 31 27 78 44 31 53 18 25 59 6 72 79 26 24 7 20 9 54 92 83 67 49 15 52 46 85 22 86 41 15 50 36 6 65 5 13 18 46 52 7 27 88 82 73 69 36 0 47 41 25 66 94 37 56 22 65 28 98 80 16 73 77 50 75 5 48 45 1 70 10 87 13 69 6 
10 24 59 48 92 33 40 90 5 81 32 29 42 15 7 54 96 63 31 9 37 57 55 52 56 25 26 79 11 4 28 83 47 86 32 32 16 1 31 72 59 20 48 41 80 81 76 74 1 24 92 4 74 70 40 86 12 89 71 99 79 76 77 3 3 61 3 45 70 45 57 59 26 43 20 43 2 77 47 72 13 79 71 8 63 78 2 81 3 16 24 93 77 61 39 11 65 6 25 14 
88 27 23 64 52 30 57 31 50 21 91 59 95 28 62 72 67 44 6 1 67 16 50 98 24 30 67 46 5 32 26 83 32 12 57 66 35 84 42 82 86 34 40 4 59 59 58 29 18 2 75 3 59 51 21 93 4 21 68 44 43 37 73 73 0 4 74 33 54 30 68 47 48 40 80 73 33 11 1 22 13 90 55 6 46 70 12 70 33 8 75 33 15 3 42 83 18 74 86 66 
69 8 98 90 66 98 52 93 61 9 35 3 10 13 18 54 50 41 76 33 60 72 76 74 41 31 82 89 52 32 59 91 24 82 5 20 74 74 27 53 71 69 48 40 70 51 57 23 38 56 72 63 99 61 50 50 21 81 17 80 25 20 46 67 43 32 1 92 67 66 95 67 36 87 99 78 21 48 24 50 26 87 33 19 31 26 2 9 72 93 10 55 28 23 98 39 2 93 5 2 
9 11 72 17 82 19 88 4 88 87 62 98 46 61 98 5 1 89 91 28 24 31 34 26 23 57 17 21 89 23 14 94 28 49 99 7 46 69 92 86 61 89 71 28 14 63 84 70 87 40 38 42 26 42 32 82 65 77 99 20 12 92 59 25 52 55 4 72 21 60 59 69 29 10 9 91 58 93 43 9 98 40 50 84 43 95 25 57 10 73 29 5 91 97 17 26 41 11 42 40 
41 41 12 76 81 42 53 71 59 71 6 26 47 21 28 12 49 46 72 98 78 7 51 2 30 85 3 42 19 95 58 3 28 8 80 7 40 13 46 44 43 73 73 6 5 82 60 48 10 3 6 26 57 76 32 37 82 58 74 28 78 28 87 77 16 13 34 11 89 22 82 15 55 90 57 76 47 29 29 76 0 26 3 79 68 80 28 30 81 34 93 84 74 66 90 79 59 27 87 11 
50 7 45 83 56 3 74 8 79 0 71 6 13 98 10 36 61 55 89 91 44 54 33 90 95 33 14 49 88 75 90 75 6 2 48 44 84 48 83 55 8 4 15 44 56 52 84 21 53 41 21 34 72 46 70 3 66 56 36 57 86 2 68 84 41 84 91 87 33 9 81 12 2 57 49 89 53 76 52 39 61 49 84 59 11 22 91 58 69 68 20 33 51 2 89 64 2 97 65 95 
73 94 8 19 97 7 81 38 43 10 87 69 99 56 67 96 27 82 21 99 93 38 53 4 66 95 92 86 39 88 87 80 62 94 43 28 65 5 45 14 48 14 32 3 17 46 45 7 67 45 27 87 55 0 47 91 23 83 93 95 99 43 60 83 3 91 74 72 70 77 0 1 39 4 4 14 25 39 24 47 23 84 18 57 6 62 76 9 70 24 14 21 63 48 17 7 47 47 62 90 
80 45 60 79 0 75 99 17 37 23 57 29 42 91 73 89 61 38 29 2 67 60 48 67 5 60 9 12 32 51 43 3 59 6 65 89 35 84 44 36 63 89 30 0 50 78 49 76 2 70 61 74 22 21 2 81 70 39 17 58 9 7 24 41 7 92 77 2 29 3 83 80 81 66 83 96 54 45 42 21 76 11 78 94 96 56 50 60 2 48 41 98 42 6 90 82 20 70 49 79 
12 24 30 96 66 18 11 86 82 7 55 40 94 13 12 21 95 0 76 39 78 89 40 47 83 62 97 46 95 46 96 14 1 58 70 80 26 49 3 64 38 6 64 25 6 32 20 80 8 11 73 39 68 28 31 46 28 69 8 32 22 26 47 93 93 7 2 36 1 27 39 53 78 64 23 49 19 96 50 85 76 95 41 86 13 74 21 98 26 16 63 84 67 23 33 32 2 21 92 85 
63 27 86 38 7 26 21 27 77 32 5 86 85 49 51 86 54 35 7 3 3 71 7 90 84 17 0 73 90 37 84 86 84 95 36 97 79 23 25 56 88 74 46 55 73 21 16 27 26 23 12 21 72 25 92 50 35 92 88 22 67 83 63 16 68 9 43 73 63 73 9 71 29 88 60 94 58 79 91 67 32 85 81 41 93 56 45 77 43 67 30 11 95 2 53 90 83 54 76 66 
44 78 17 92 70 83 88 33 74 10 37 84 42 11 49 10 43 94 35 59 95 67 14 34 48 92 17 40 65 81 6 9 88 31 74 79 84 30 97 63 39 24 57 29 91 51 46 8 80 24 33 98 49 84 83 13 52 3 96 74 83 84 50 25 45 40 72 41 43 43 80 73 19 79 92 67 79 98 53 8 10 46 92 40 92 82 42 99 14 40 69 45 67 53 23 2 81 1 14 29 
84 36 49 42 29 56 94 73 69 48 12 9 23 19 31 40 8 61 82 37 22 95 57 16 83 18 63 21 10 66 77 71 41 94 43 78 65 91 18 31 95 64 23 7 93 85 15 71 85 89 56 2 16 8 19 31 29 45 94 57 26 34 44 44 84 37 59 22 39 35 29 9 88 80 41 27 71 6 48 44 39 37 3 26 48 78 24 11 35 2 37 82 11 98 72 67 79 89 48 36 
15 30 66 84 9 66 79 20 29 99 73 51 86 18 56 74 22 23 48 87 63 31 32 96 56 98 92 36 60 9 23 51 69 34 74 7 52 31 9 30 50 0 43 28 42 40 39 68 90 9 74 35 7 70 14 92 41 30 45 60 58 31 83 84 61 60 8 15 46 51 58 1 72 29 49 24 23 87 27 98 84 61 90 12 26 33 36 26 22 10 75 94 0 85 21 89 99 76 25 15 
83 37 10 70 74 62 92 98 74 42 29 8 56 54 61 84 48 34 49 80 7 5 1 70 88 76 52 41 8 66 96 63 56 43 10 32 92 94 11 86 73 63 68 41 39 86 59 62 28 58 54 68 20 5 19 28 81 76 49 16 26 1 27 27 19 51 90 16 39 6 55 41 34 72 33 33 11 35 96 35 92 92 83 61 1 16 31 61 39 61 76 79 10 10 67 20 65 86 5 5 
45 66 12 86 99 62 63 84 69 75 90 37 95 62 51 27 70 67 74 32 90 42 20 93 65 69 74 29 15 40 40 51 55 62 77 29 78 1 59 87 94 56 68 47 57 26 70 31 64 37 3 86 58 4 94 82 9 10 76 90 24 9 30 94 97 2 18 19 77 53 45 29 44 54 64 58 35 17 41 28 69 96 72 46 35 99 97 67 80 85 44 83 43 24 72 43 52 45 80 51 
38 21 68 26 65 67 18 68 79 35 20 39 54 62 9 12 10 47 58 91 61 98 91 33 94 55 86 29 74 72 15 97 36 14 64 23 16 6 80 60 74 48 22 74 36 44 23 28 73 40 92 30 19 40 1 8 92 4 47 12 40 83 78 10 38 77 99 58 5 6 71 23 72 63 20 79 13 34 22 87 77 41 40 89 36 56 33 54 21 16 24 17 43 66 2 17 18 83 54 34 
87 88 22 95 90 26 10 90 35 12 25 56 11 80 34 31 79 42 87 65 97 66 8 59 86 25 95 94 11 55 44 76 36 60 66 23 6 79 11 37 64 78 61 15 25 91 29 16 60 50 4 44 35 4 15 18 24 55 0 25 53 76 99 10 7 14 86 99 38 7 35 46 50 51 93 21 73 79 38 96 75 48 32 72 50 12 51 35 31 34 73 75 12 69 79 19 4 97 64 28 
64 62 83 72 84 4 66 77 69 84 28 56 36 27 58 76 51 12 78 44 58 28 7 51 20 91 65 84 79 10 24 93 30 31 79 32 14 61 91 31 99 17 96 71 3 64 47 92 19 94 16 76 73 22 6 42 9 6 97 12 36 6 35 18 47 76 74 1 64 70 25 8 41 92 25 82 20 87 66 4 98 19 46 20 28 88 77 43 12 46 70 39 56 22 1 43 90 23 41 19 
10 95 64 79 45 91 24 51 79 48 60 41 28 14 68 30 23 53 37 98 55 79 4 29 41 21 5 85 5 69 43 86 76 87 79 24 22 67 24 45 21 47 81 6 54 49 41 89 74 27 10 27 71 8 45 75 4 46 0 72 63 18 1 31 70 20 78 40 20 44 50 17 0 7 52 83 82 90 81 70 77 8 26 31 21 74 95 28 45 96 81 74 72 74 95 77 80 48 47 61 
79 81 14 85 57 38 5 69 18 46 30 11 48 13 24 85 95 57 10 40 77 56 53 13 72 76 92 41 78 52 11 6 79 8 87 60 13 66 82 35 68 25 17 11 47 82 82 45 91 37 75 84 26 66 56 80 67 37 52 70 84 27 37 68 60 55 98 86 38 8 92 33 70 39 33 63 54 38 21 12 95 98 29 67 74 18 9 19 61 70 60 36 35 59 63 53 30 27 98 96 
50 31 62 28 58 71 88 89 62 91 32 97 1 59 5 21 80 88 68 47 22 56 24 43 13 18 37 12 29 60 64 53 52 57 13 91 70 70 18 72 81 39 16 56 64 78 55 7 83 7 66 27 55 86 39 56 87 93 12 5 30 98 63 49 91 60 20 42 41 29 52 88 1 63 16 89 72 13 26 48 45 61 75 68 90 47 30 98 42 96 52 9 3 16 84 72 37 1 21 46 
35 2 6 46 64 3 81 77 13 29 87 92 37 52 42 88 28 66 9 89 4 55 56 7 85 31 43 35 69 60 68 77 20 85 87 77 60 46 30 11 6 25 97 19 51 73 52 21 2 72 78 46 27 22 37 95 13 27 11 81 83 37 18 90 60 76 96 45 91 70 64 92 37 71 41 70 23 31 68 7 42 33 68 76 2 96 42 82 53 92 85 15 95 88 35 82 51 41 88 7 
15 37 51 67 89 37 27 12 41 60 23 0 78 49 93 51 77 2 64 87 75 82 84 0 97 16 58 63 57 86 76 81 67 96 2 28 15 0 18 10 41 6 61 34 72 92 98 3 79 16 34 74 42 25 85 32 1 50 32 20 6 49 31 14 99 15 2 11 93 40 6 51 75 74 29 85 18 5 46 61 50 66 57 52 53 16 55 99 67 3 45 53 58 42 14 79 11 18 10 65 
72 37 68 91 43 88 20 39 43 33 30 12 85 0 45 40 6 24 55 18 3 72 55 7 5 11 45 14 87 13 27 81 0 43 44 42 29 88 61 66 39 24 61 41 88 21 53 38 64 85 64 32 66 80 65 37 8 7 31 82 27 59 92 0 22 45 25 49 97 38 93 9 97 30 12 91 19 83 73 23 55 71 92 82 30 62 81 76 89 13 73 76 11 73 54 0 48 36 32 79 
64 53 59 57 75 71 10 70 82 60 7 81 39 26 32 2 16 45 88 2 38 54 26 50 3 23 32 11 92 8 73 64 24 34 12 45 28 38 8 78 34 81 64 15 44 61 74 54 97 74 73 73 77 90 7 87 47 29 24 37 24 29 78 33 91 5 47 85 44 93 50 12 41 93 27 66 94 26 62 30 91 81 0 57 28 81 87 60 8 99 63 28 58 95 10 5 91 38 29 33 
44 30 35 63 92 30 50 24 13 39 31 80 68 18 75 64 41 26 27 11 60 92 63 14 96 45 11 64 2 97 66 26 46 86 88 15 88 78 65 24 93 88 42 18 47 88 40 56 6 94 15 39 64 57 72 66 16 21 54 19 15 61 41 43 3 29 24 85 79 46 9 10 54 67 11 19 91 49 47 32 38 58 94 36 61 94 49 37 85 29 2 45 73 99 75 77 99 66 80 44 
31 58 62 7 53 3 45 88 54 79 25 41 21 23 96 95 41 23 59 54 11 18 40 74 66 31 31 94 83 75 87 32 26 30 7 82 40 59 8 20 31 43 38 74 3 4 82 31 78 16 74 25 94 35 43 35 33 65 46 12 37 66 66 46 62 94 73 48 37 72 89 43 70 88 93 35 68 12 0 88 27 33 41 3 2 70 16 18 62 61 31 23 75 56 93 45 17 69 23 63 
94 10 68 10 67 88 6 72 60 66 21 10 23 85 80 18 39 9 78 42 57 99 71 61 43 96 3 17 89 60 2 65 29 49 80 3 34 65 99 78 59 19 10 30 24 73 20 44 37 78 82 84 38 10 58 12 55 12 21 11 53 27 89 65 24 32 54 33 31 61 65 24 45 95 55 12 61 17 29 69 60 6 32 54 5 83 91 35 54 27 62 38 37 50 73 24 61 41 73 5 
34 74 43 27 94 22 31 46 54 53 14 24 40 24 91 55 78 90 10 35 15 68 35 70 49 25 50 13 19 22 78 53 3 17 43 13 14 96 42 86 35 40 28 17 74 35 80 83 90 91 29 27 16 0 35 39 13 71 91 44 14 32 5 36 78 29 13 89 50 16 81 79 20 92 58 4 24 42 42 63 87 29 69 75 32 27 51 10 37 62 4 46 54 91 5 46 16 64 82 36 
40 20 96 34 73 3 37 50 19 55 46 18 34 74 61 16 67 84 94 70 9 20 11 58 18 94 62 0 55 32 14 52 26 78 62 89 42 94 69 66 84 16 83 93 80 40 71 69 29 81 33 72 1 22 65 60 85 3 45 9 49 26 48 76 10 67 76 42 55 69 1 72 13 73 38 66 51 36 75 94 90 92 96 26 34 67 37 48 60 16 50 49 36 30 65 24 66 98 25 53 
93 51 50 37 64 44 51 75 61 50 26 67 18 34 98 43 74 41 65 27 20 2 96 21 34 44 84 28 28 89 58 77 46 18 43 72 60 16 17 20 0 29 16 41 85 23 48 56 10 10 61 16 69 33 24 88 77 55 34 29 34 90 43 30 23 32 17 65 24 12 92 27 46 3 72 43 24 11 9 63 7 67 14 75 47 85 70 10 51 41 18 79 51 90 39 24 53 78 75 53 
78 57 89 86 90 90 70 81 69 90 38 55 47 56 52 13 59 33 89 72 87 92 77 40 11 81 31 64 75 60 70 46 77 83 44 80 40 27 88 12 21 51 46 20 64 5 78 45 75 63 29 21 65 57 95 90 14 23 94 85 8 66 57 71 5 22 17 22 15 6 48 63 45 91 6 39 36 98 1 72 64 89 63 1 85 36 63 80 92 80 92 15 30 39 97 93 82 9 54 19 
57 3 42 78 3 42 10 54 29 70 4 64 95 0 19 48 91 16 78 11 9 87 83 10 24 76 30 62 92 85 70 71 53 13 39 78 61 8 77 72 86 78 12 43 66 19 52 31 79 39 79 90 25 13 13 91 61 25 31 69 19 91 59 74 71 22 14 94 13 92 47 54 3 30 88 72 11 8 71 73 25 95 11 73 4 34 18 70 27 90 21 83 43 5 77 21 96 64 84 70 
53 4 90 98 88 22 73 60 29 29 11 99 89 65 93 92 6 26 95 21 89 91 23 86 81 43 38 63 30 96 73 95 8 90 23 59 33 70 47 62 84 84 97 56 47 81 22 92 55 69 28 14 31 4 6 4 11 23 79 49 22 62 76 36 38 95 33 86 14 73 93 42 3 39 77 24 23 63 61 60 48 46 24 12 17 24 41 9 46 67 95 53 36 21 66 1 99 75 54 58 
87 57 39 77 16 70 58 7 58 82 55 64 3 43 19 44 63 64 77 47 31 33 35 45 89 58 86 50 83 14 14 47 92 92 23 54 18 19 4 10 38 31 52 17 14 82 3 60 33 28 69 48 8 79 10 25 75 42 25 48 10 3 34 89 49 75 50 73 69 33 69 92 37 22 75 42 99 56 89 78 72 36 46 84 23 6 86 83 76 27 75 42 4 72 58 13 94 85 71 46 
25 91 30 77 5 87 53 71 84 60 84 74 74 28 44 69 14 45 19 77 82 86 35 21 85 15 49 42 16 92 8 62 47 82 26 86 48 10 57 53 51 28 14 19 84 31 38 33 23 2 58 23 7 50 13 56 37 1 68 96 81 14 25 20 89 26 10 30 80 95 32 11 54 94 67 13 27 26 81 84 89 83 39 95 9 65 58 23 48 65 94 56 6 92 59 69 40 14 5 85 
71 1 98 81 12 95 20 84 45 13 96 36 84 97 25 35 62 33 94 50 66 49 68 29 92 54 90 27 56 76 49 87 36 37 46 43 73 7 41 21 96 12 16 87 11 92 69 10 57 7 80 74 76 27 85 19 85 12 69 0 58 42 6 69 7 3 8 90 53 42 21 75 18 63 13 12 8 16 14 49 66 27 57 6 24 48 98 91 19 98 89 0 28 13 65 55 96 47 61 26 
68 12 41 90 33 26 66 28 10 88 61 39 45 89 1 74 28 92 87 4 37 99 17 49 88 61 6 99 67 73 17 97 98 36 40 74 48 44 31 66 49 98 65 68 30 4 95 15 30 79 83 46 3 20 94 21 52 26 32 51 64 4 99 97 87 35 83 64 78 86 33 34 61 72 79 81 41 73 99 12 12 65 46 34 60 89 67 60 38 52 36 86 83 85 36 65 15 65 57 87 
29 36 44 52 11 71 39 52 46 17 46 57 17 73 93 11 70 50 93 92 93 50 37 12 32 44 63 81 26 54 39 36 84 34 35 53 61 27 8 51 29 5 76 55 88 1 64 81 72 67 0 55 64 73 8 94 35 97 93 42 28 30 65 98 43 3 27 76 76 7 75 42 58 0 36 57 35 11 55 12 26 59 91 64 33 41 17 27 36 80 42 19 66 28 94 17 54 89 7 45 
53 85 83 16 14 45 47 23 65 39 52 33 4 0 78 80 43 42 51 68 24 48 33 29 10 49 43 5 49 58 40 25 18 67 33 61 27 7 4 93 86 91 38 99 30 12 79 38 38 68 26 31 1 11 34 66 2 34 83 31 77 59 66 27 64 98 52 25 79 71 12 52 2 6 11 63 9 72 83 90 62 50 12 66 93 63 18 72 80 24 15 62 96 64 28 71 20 58 89 53 
96 9 10 27 53 95 0 3 59 79 93 28 23 53 2 13 66 21 97 30 14 34 26 91 87 96 47 26 41 98 84 80 92 13 20 95 75 71 88 93 49 51 79 61 29 45 19 6 42 16 26 37 42 43 61 4 42 1 82 35 18 72 0 6 57 59 95 71 4 86 47 37 0 90 57 72 21 66 68 75 87 6 66 0 34 70 24 87 6 9 34 22 9 2 25 60 5 46 1 87 
