74 68 73 63 8 98 98 41 17 18 87 65 42 67 75 57 37 39 78 5 70 55 35 50 90 4 28 92 44 42 3 54 16 31 5 77 51 78 62 8 94 56 63 78 6 7 67 57 84 90 13 2 23 60 28 40 15 16 52 58 66 24 25 27 44 8 29 40 47 98 11 85 4 56 25 67 61 97 21 73 99 32 76 85 83 53 98 13 60 13 86 3 63 80 97 37 75 45 73 24 
42 42 32 40 4 48 68 95 70 65 37 30 29 8 58 5 24 6 85 41 95 11 5 24 42 50 88 63 26 52 24 26 2 5 81 21 44 33 50 22 49 63 93 67 54 68 39 6 33 46 68 42 23 29 78 7 55 30 77 65 7 46 58 5 38 77 96 53 78 51 80 37 26 95 98 97 90 62 29 28 13 87 67 14 8 57 97 7 42 63 49 80 36 47 12 49 45 96 15 3 
52 6 64 18 13 16 10 79 49 44 22 8 86 59 11 32 54 53 73 1 87 51 28 91 55 42 10 75 37 19 54 19 52 78 62 80 70 3 25 85 75 4 38 42 87 15 36 48 58 46 14 67 94 80 81 58 10 25 67 26 37 94 34 61 93 10 26 92 41 52 79 31 13 35 58 88 0 26 81 95 82 67 85 36 79 23 48 18 76 22 24 6 89 53 50 66 54 23 94 88 
82 47 15 78 5 0 14 64 25 86 31 80 59 86 38 76 75 71 42 21 65 66 12 51 85 11 76 50 49 1 1 63 38 56 17 65 92 1 33 53 78 5 77 28 18 74 16 44 64 6 19 98 81 25 52 54 29 9 85 3 89 0 37 73 63 67 10 8 51 4 31 96 55 16 48 33 53 2 56 95 11 90 75 18 0 3 88 6 13 72 63 67 18 48 15 3 62 91 62 4 
84 18 50 31 72 35 84 9 89 19 49 42 29 45 8 67 62 7 23 92 5 9 2 21 80 72 38 64 24 21 76 24 1 51 51 56 58 34 96 44 23 37 12 95 12 41 33 72 35 82 17 90 62 19 70 30 83 5 2 64 51 73 1 20 68 83 93 31 55 37 36 4 42 71 85 60 74 34 64 10 59 9 19 43 18 53 1 96 35 83 93 72 97 83 88 89 27 93 86 79 
92 87 34 67 5 79 31 36 5 74 93 31 2 69 5 16 58 46 82 6 77 78 53 83 29 2 2 38 9 2 66 48 46 82 19 24 2 15 39 84 51 88 86 97 0 85 6 43 83 23 95 53 11 98 14 57 62 7 10 19 49 99 94 82 7 72 38 8 20 72 88 59 35 95 80 20 54 12 43 15 75 28 73 79 78 87 69 15 66 27 21 97 49 74 54 22 49 26 69 66 
15 82 47 45 97 64 22 83 62 77 64 16 0 57 15 35 15 60 66 36 52 40 19 79 8 87 21 35 62 67 68 54 71 9 75 55 93 55 33 50 89 41 4 99 5 58 97 17 88 34 8 28 20 78 59 53 90 72 60 49 84 73 32 9 40 88 57 60 94 76 40 33 68 72 91 2 85 2 5 66 3 65 91 31 14 99 41 51 91 59 26 20 70 6 33 9 42 29 0 64 
22 58 77 17 93 38 42 0 54 78 29 69 22 77 5 78 30 73 71 14 75 90 68 69 23 47 14 49 57 70 37 27 81 50 20 0 94 11 69 22 39 62 65 90 15 61 55 60 44 30 26 33 2 3 21 76 61 32 27 30 37 24 56 10 53 57 18 29 66 34 67 66 16 82 54 70 12 83 48 34 84 12 93 5 69 6 82 79 51 85 98 34 94 7 4 64 39 0 63 57 
0 16 29 83 45 54 75 63 43 9 38 14 90 20 66 72 98 49 67 84 45 77 92 52 8 70 50 70 91 22 82 50 58 9 34 26 98 45 14 36 39 8 41 83 22 73 45 28 50 15 87 54 75 74 84 24 60 35 57 2 73 86 84 19 63 61 87 74 67 44 32 30 60 88 66 42 85 77 39 37 82 55 7 82 53 22 88 99 60 92 42 66 66 39 44 89 71 96 15 63 
24 60 63 35 2 56 41 61 1 58 64 77 16 58 18 86 79 22 92 36 86 2 80 26 0 18 15 59 6 69 39 97 89 18 15 82 89 94 21 3 8 93 75 6 42 84 1 84 98 30 25 7 44 97 40 40 21 11 93 41 88 42 35 73 34 69 40 84 49 48 83 56 92 14 69 92 14 96 27 20 36 17 55 29 80 76 42 98 55 26 41 59 73 45 2 46 80 12 56 96 
38 39 30 9 91 41 17 45 18 92 93 96 38 13 61 65 97 77 69 84 48 91 35 82 77 79 65 36 57 66 66 50 80 87 23 73 19 9 64 27 73 74 19 47 65 96 60 19 70 74 57 72 91 21 24 57 89 12 39 24 18 72 36 26 64 52 9 56 46 44 61 37 63 47 80 34 55 35 7 44 5 8 3 4 91 50 64 9 23 19 97 17 64 58 47 49 76 61 97 62 
87 24 69 24 39 51 76 79 70 82 71 66 37 27 59 11 74 32 50 72 96 9 66 19 42 36 18 86 5 47 19 56 74 78 20 79 83 66 0 32 44 77 23 64 70 15 36 58 11 40 19 96 25 63 35 63 15 74 5 17 36 43 94 30 19 90 21 6 42 40 36 8 71 79 8 19 72 87 67 0 58 1 83 41 56 95 48 40 97 55 14 99 87 19 70 38 54 31 21 85 
32 20 19 44 18 2 50 65 11 37 76 21 51 29 24 41 35 57 72 38 83 20 15 3 8 15 85 62 55 91 39 45 97 63 50 10 73 44 8 41 87 55 46 69 10 58 5 46 41 39 0 74 84 29 56 41 50 45 96 13 82 12 8 57 50 93 13 69 71 90 83 68 0 2 81 85 3 73 56 52 85 0 79 23 26 58 94 74 92 87 90 95 15 91 27 2 33 2 55 46 
62 79 18 76 78 78 79 36 82 14 50 61 45 67 18 93 20 75 24 5 16 90 41 77 42 12 77 7 23 54 8 60 81 5 30 75 54 82 93 23 80 41 2 91 96 73 12 48 54 63 84 82 69 42 81 18 39 75 5 12 28 48 1 59 44 10 42 21 22 24 33 69 11 98 33 69 78 50 18 53 4 95 15 97 95 67 67 75 31 3 73 33 25 22 82 51 47 59 51 44 
44 6 3 94 72 84 38 36 31 5 11 95 91 28 39 91 38 21 47 98 52 5 10 67 48 46 26 41 71 72 97 90 46 41 95 46 12 20 54 75 63 12 64 27 53 39 44 79 42 35 88 1 28 9 58 53 75 97 62 60 78 85 23 79 54 45 56 70 25 74 88 14 78 13 1 59 43 95 66 22 47 43 23 24 25 31 61 75 72 54 82 37 13 22 49 45 94 34 94 37 
57 42 93 61 12 57 73 1 65 11 7 59 29 11 99 69 65 39 42 30 45 67 92 90 4 94 5 34 56 59 6 11 98 32 93 1 1 28 53 57 4 90 18 6 28 12 97 66 14 21 62 56 29 18 35 5 60 31 20 34 63 13 48 88 62 75 19 65 81 78 40 85 26 57 85 27 16 53 80 7 90 16 57 12 92 32 1 58 3 83 5 79 2 56 99 57 36 56 44 93 
53 31 91 83 81 56 69 95 98 48 41 10 92 21 34 55 65 65 75 55 79 55 42 51 95 16 60 2 96 47 79 74 15 78 17 67 67 83 41 61 76 43 28 25 68 48 77 31 18 13 64 98 7 66 51 37 61 61 90 33 29 4 13 35 0 84 87 87 98 86 41 21 20 23 44 27 82 65 11 91 46 72 1 83 58 98 65 10 52 27 42 92 77 71 73 89 73 81 65 17 
5 36 55 52 64 76 85 89 78 24 0 36 13 77 9 64 90 41 88 13 52 17 23 14 91 44 60 54 28 5 34 65 63 22 5 37 10 58 41 6 88 0 15 73 83 97 33 95 70 48 27 74 45 8 98 28 75 6 18 96 63 27 34 93 70 52 91 8 56 97 86 6 52 18 69 58 17 76 12 55 18 87 70 93 80 12 91 56 13 62 26 58 37 25 35 31 69 90 18 42 
68 56 88 45 66 26 81 23 73 54 7 53 33 46 11 55 3 45 45 21 74 32 76 65 10 73 22 66 84 16 97 90 41 36 72 8 70 56 80 13 80 79 70 92 1 0 11 83 95 58 33 36 40 28 34 12 9 88 14 51 55 33 50 52 7 73 21 70 24 60 66 83 62 34 76 0 86 11 49 17 68 5 14 75 8 9 1 47 24 90 45 92 42 94 70 4 94 39 76 71 
65 9 78 65 44 5 57 5 2 61 71 38 35 44 9 9 63 61 24 59 14 31 11 36 81 76 91 35 93 78 65 48 83 65 68 40 48 82 7 28 14 51 29 73 70 4 57 2 31 50 89 46 99 34 97 44 28 72 89 12 2 1 75 28 16 70 58 31 64 22 4 84 34 1 56 94 51 13 59 83 94 65 88 91 67 97 83 18 88 97 80 44 45 57 87 67 50 25 77 70 
10 56 52 82 22 18 52 86 52 75 7 39 78 82 90 15 74 14 64 77 11 50 86 54 76 34 0 86 55 45 32 6 8 50 84 60 91 32 28 8 15 57 12 18 93 60 67 88 5 18 69 77 66 86 38 42 56 84 75 64 81 4 64 30 45 70 15 20 31 53 1 68 11 68 14 33 65 49 70 89 78 48 9 31 38 46 74 88 37 35 95 9 62 24 60 42 69 89 26 22 
52 50 30 51 12 17 75 87 36 15 51 42 42 78 25 46 25 22 39 49 44 78 69 26 81 18 46 91 31 15 49 20 44 43 12 84 22 49 12 16 29 79 44 20 18 14 12 26 9 94 84 92 27 15 93 10 2 82 22 67 81 92 43 0 13 72 86 75 76 83 4 80 84 17 83 34 16 37 59 36 21 62 1 97 7 12 22 21 73 68 61 77 34 36 21 74 81 28 1 44 
80 70 17 72 21 53 12 44 85 31 74 3 40 45 28 89 1 6 69 15 21 44 79 66 2 62 58 16 54 25 9 20 98 33 43 7 12 34 84 55 74 48 60 79 96 16 34 71 27 37 5 73 28 1 63 96 65 59 51 92 15 29 5 46 64 29 31 34 77 30 22 14 26 76 41 17 0 99 38 23 35 16 23 38 86 48 10 70 36 83 19 69 68 57 90 75 43 22 85 92 
16 23 96 17 84 6 35 23 76 10 26 38 4 25 6 83 5 50 56 36 89 62 7 36 97 16 39 37 67 44 68 17 81 54 43 33 62 68 11 40 36 77 94 19 18 78 63 7 10 52 75 59 69 92 51 12 70 64 5 43 64 95 68 41 4 82 77 81 67 92 72 65 68 19 79 14 52 64 61 6 41 61 90 74 84 72 42 45 99 79 7 46 67 14 31 21 2 21 54 53 
39 46 68 28 80 9 93 51 88 3 89 0 23 32 55 66 75 71 65 79 52 95 46 12 34 74 22 12 37 1 1 57 86 4 79 52 96 72 19 67 37 90 95 78 26 4 71 29 48 66 59 15 41 26 26 52 27 55 36 62 58 76 55 10 80 5 74 54 52 49 50 13 7 87 14 47 39 42 9 5 9 26 89 88 30 76 26 54 36 69 87 48 26 16 92 7 93 24 13 80 
68 7 49 82 6 92 75 51 67 26 17 46 28 2 42 23 27 7 30 51 23 68 15 41 51 46 63 89 29 78 11 72 49 97 93 13 78 74 65 59 25 24 17 10 75 41 31 42 97 25 68 21 74 71 85 5 95 77 24 75 56 83 44 66 77 54 26 58 28 73 25 66 84 91 35 43 85 94 28 27 78 96 37 91 15 36 53 5 1 43 77 61 10 59 78 56 21 71 71 77 
26 29 54 64 26 69 39 28 94 50 56 58 32 70 16 22 1 89 30 60 25 58 55 55 60 61 99 4 30 88 20 11 13 21 13 74 18 84 74 30 1 33 67 5 97 16 82 32 84 59 17 54 6 95 76 10 68 51 55 62 35 37 47 79 58 30 14 74 8 17 56 56 72 39 71 70 99 57 62 76 52 13 9 0 38 10 92 25 35 91 83 44 51 34 89 77 63 40 96 11 
91 35 8 62 38 31 97 49 73 71 50 91 89 21 91 4 88 47 99 40 94 46 42 60 40 82 1 46 98 39 88 86 17 92 26 44 63 11 72 64 74 52 50 88 47 53 35 69 80 69 28 44 4 20 18 49 49 2 36 73 61 51 77 33 77 95 20 47 43 81 37 69 40 49 8 95 42 86 40 56 14 93 55 36 96 16 52 8 37 38 97 86 18 36 40 43 51 35 31 58 
7 50 67 75 22 66 73 12 22 32 62 23 78 56 65 92 64 12 78 0 14 18 86 30 36 25 44 9 64 93 82 42 13 94 88 59 88 23 40 56 3 7 82 57 36 11 82 1 35 50 52 77 7 90 15 92 10 83 82 9 58 69 31 78 90 93 52 88 54 63 74 86 98 95 36 38 41 5 33 62 0 15 53 60 56 57 73 36 38 14 1 57 58 14 46 86 94 62 37 94 
52 48 82 6 85 15 51 75 23 65 59 87 85 23 54 23 85 40 88 39 15 26 10 61 36 2 36 2 18 22 72 37 98 92 46 33 9 96 12 71 63 38 3 64 13 94 83 77 67 80 91 87 33 59 37 19 81 23 17 3 16 97 83 2 20 28 18 58 47 62 62 27 58 29 86 30 40 87 59 19 20 70 59 51 20 60 5 61 31 90 44 80 78 43 86 40 66 80 63 21 
9 45 34 97 54 58 68 28 86 63 90 15 17 61 75 4 68 79 23 11 8 35 82 65 59 92 17 60 65 19 17 7 69 13 52 75 45 1 80 83 7 86 46 20 78 52 28 72 69 66 94 55 10 10 66 75 10 8 71 32 23 75 87 75 34 69 27 40 42 18 98 29 56 88 48 54 36 94 82 86 43 9 11 71 91 50 41 64 85 58 36 58 69 26 94 65 43 19 68 5 
68 24 71 49 47 73 47 98 41 32 8 26 83 70 58 71 18 49 94 71 35 15 89 66 12 41 61 30 2 73 66 41 1 53 55 64 69 49 80 27 95 22 50 49 7 8 74 21 7 49 18 73 76 87 62 10 74 72 53 97 82 12 10 16 96 27 45 12 3 23 78 9 44 80 30 90 36 54 59 55 53 15 77 64 91 86 82 8 29 59 9 42 51 51 75 91 93 51 78 8 
63 76 59 45 54 38 69 61 91 9 66 96 74 31 14 47 94 91 30 40 32 93 10 49 13 76 30 57 80 52 65 76 31 24 35 26 4 47 6 55 54 45 43 1 97 0 42 71 32 56 45 44 86 56 44 15 68 77 98 98 61 80 91 89 53 19 7 40 53 48 10 7 43 2 25 17 34 80 16 95 86 31 92 90 45 46 2 83 48 12 28 94 56 65 48 94 75 17 35 3 
83 33 68 97 41 23 73 56 13 77 33 23 98 41 90 9 12 48 89 38 53 42 92 86 33 60 35 51 7 41 66 92 85 14 30 86 63 90 70 54 11 92 60 39 81 82 16 90 71 1 12 79 80 34 53 9 8 41 93 0 27 56 9 15 35 91 28 9 55 85 61 80 18 37 78 36 75 13 42 20 54 99 88 82 27 23 0 96 49 64 1 90 78 58 91 34 57 79 31 82 
32 61 42 93 75 84 34 85 93 72 91 47 77 16 40 67 55 44 40 37 72 9 16 49 32 15 37 47 91 19 51 98 38 42 4 85 38 20 89 6 37 57 80 79 72 54 1 67 93 75 46 86 6 7 97 15 97 67 23 77 93 36 39 95 49 19 59 73 16 22 75 92 84 77 48 89 51 95 7 93 99 26 5 59 33 79 81 74 45 17 52 8 35 71 52 24 77 22 80 68 
59 50 63 50 71 40 96 72 79 43 37 33 3 9 38 98 47 61 79 21 16 15 16 53 70 91 89 10 30 17 95 46 73 20 2 64 37 26 43 25 98 24 11 20 59 10 49 41 58 81 40 97 78 3 68 87 32 79 59 95 48 73 87 40 76 68 11 99 49 82 2 66 69 48 23 33 93 16 37 56 96 47 56 52 35 34 12 11 42 6 74 94 39 62 69 49 2 14 51 94 
45 62 76 81 37 45 6 28 28 82 54 33 68 58 90 84 55 27 83 87 1 29 21 3 8 24 5 97 70 97 25 69 92 84 58 14 24 65 35 5 84 37 81 66 65 99 51 69 39 72 34 77 55 24 28 63 25 38 86 37 44 14 10 53 90 77 0 35 40 45 91 45 48 9 22 2 97 6 82 25 85 95 13 1 38 55 33 57 95 86 92 16 71 45 54 56 70 33 9 14 
71 40 65 72 10 98 0 54 83 71 72 82 95 94 55 37 97 70 9 17 55 18 32 78 85 90 48 33 66 83 18 46 59 28 19 52 85 71 68 29 95 70 80 20 63 99 20 31 95 40 11 84 35 23 66 59 97 37 57 45 41 29 82 88 23 3 89 3 25 37 34 95 89 67 75 21 87 46 29 18 78 86 24 9 41 88 13 60 67 57 52 38 24 41 14 91 98 50 89 80 
15 5 61 80 33 77 1 87 61 9 22 67 5 52 83 24 35 11 86 40 7 43 46 99 9 92 54 35 6 37 36 19 33 85 5 45 79 5 5 62 15 62 66 37 88 66 26 38 51 54 84 20 45 11 26 60 57 26 93 29 14 84 88 5 96 25 16 73 95 39 43 32 8 83 50 16 51 44 97 70 52 83 0 19 54 25 17 66 60 22 51 8 70 2 45 61 84 79 59 13 
30 23 49 31 32 54 53 88 2 85 53 20 66 68 82 13 92 37 23 72 79 66 37 4 74 85 83 60 78 33 0 40 82 84 56 38 10 60 16 98 65 14 86 65 57 49 37 74 64 54 15 79 68 8 19 41 74 47 13 16 84 13 87 90 0 40 15 74 36 88 99 53 44 4 63 92 85 36 61 7 63 34 77 97 20 5 84 8 66 89 91 23 83 45 64 95 81 57 8 42 
29 96 21 54 63 48 93 33 10 40 75 3 55 55 66 52 88 49 17 52 31 67 46 21 84 94 30 16 35 24 95 86 45 10 58 64 90 97 59 0 56 44 59 22 30 82 46 44 27 4 53 85 95 20 82 24 26 59 41 40 92 85 77 62 73 63 11 7 46 82 18 82 83 33 12 49 22 66 52 83 56 65 57 44 3 10 6 62 52 46 46 51 26 31 62 75 95 87 72 67 
65 90 66 14 79 63 63 31 85 81 97 99 29 38 13 28 48 83 39 42 68 93 49 57 67 80 65 36 0 86 20 93 96 30 6 40 0 57 28 8 82 49 33 23 29 25 32 34 36 40 68 81 77 45 45 99 86 30 74 38 68 99 28 60 76 26 86 17 67 13 46 85 64 47 51 4 40 35 14 48 93 33 62 42 51 82 87 45 75 70 87 15 52 4 28 36 16 94 56 48 
34 61 49 24 29 7 19 1 78 80 53 56 25 70 92 97 94 84 18 89 73 40 5 17 66 11 2 22 47 66 9 78 55 34 26 88 92 13 10 50 90 39 94 69 54 74 71 35 6 6 39 21 34 0 43 4 24 37 65 9 51 61 48 65 44 4 57 62 81 33 40 99 91 66 80 96 83 95 55 82 55 70 73 92 97 97 15 42 72 70 83 53 87 84 42 11 55 11 77 28 
8 26 96 9 58 11 72 36 0 63 35 17 41 34 37 83 46 65 13 17 56 61 81 34 2 95 10 31 2 67 47 97 33 34 7 51 72 67 25 21 4 31 48 57 64 27 71 0 86 22 6 57 86 40 10 97 54 6 6 86 67 83 18 42 0 19 44 6 41 94 49 76 49 70 69 68 52 49 34 82 31 9 66 28 8 65 7 49 86 17 58 75 65 44 99 93 34 65 16 68 
77 19 80 52 2 74 15 93 6 31 51 22 82 18 40 52 29 37 39 55 90 43 71 50 8 70 22 48 41 74 75 80 53 80 44 97 43 85 41 52 52 83 29 82 87 60 17 88 57 88 91 78 70 57 89 4 7 49 10 95 46 69 12 87 11 43 90 87 4 5 48 78 51 75 5 81 79 68 24 77 64 58 10 6 19 20 63 8 40 9 75 53 22 25 91 87 56 81 60 27 
34 80 72 82 32 20 38 35 36 63 98 34 26 54 65 91 71 37 50 10 18 45 23 98 87 3 22 19 61 38 50 80 91 18 92 84 85 98 77 85 88 47 15 55 11 85 48 46 47 11 17 6 82 22 15 74 79 51 14 67 97 26 16 74 56 41 60 53 4 92 62 38 77 81 58 48 59 0 10 78 51 57 5 69 6 76 70 13 84 73 58 95 67 24 37 98 89 95 37 32 
12 92 24 26 1 72 51 66 70 49 92 23 36 78 26 14 63 11 29 16 4 20 80 44 73 22 13 67 67 10 91 45 64 52 51 42 30 22 95 4 81 84 57 46 64 99 67 6 93 71 95 71 22 70 48 34 82 70 9 25 80 68 30 93 50 33 89 77 94 13 94 70 58 63 30 70 57 64 24 15 0 0 90 32 1 81 7 59 30 97 73 13 70 6 0 54 89 31 71 79 
32 50 27 85 2 12 54 83 9 1 99 95 21 45 62 49 27 2 72 97 13 26 12 98 92 79 60 55 69 46 28 96 64 89 15 12 10 60 70 66 70 26 69 10 90 91 84 61 95 64 1 35 31 27 27 8 17 1 4 61 74 13 42 33 98 42 86 27 80 39 2 94 35 10 17 98 45 58 84 41 17 57 23 2 80 30 73 68 35 30 4 22 88 6 53 57 18 4 7 19 
10 53 1 7 15 74 32 13 84 38 49 88 57 88 12 77 56 9 31 61 13 51 6 61 95 31 26 1 64 92 86 51 58 74 12 70 8 62 49 55 41 22 24 62 23 80 48 80 55 34 4 35 39 32 91 83 43 69 53 88 84 11 8 67 90 9 98 10 53 2 70 62 79 12 40 83 75 82 15 43 69 17 53 31 12 61 53 34 48 68 45 2 82 15 29 24 29 3 16 47 
78 42 43 92 30 2 26 4 58 58 8 79 58 4 30 51 50 81 60 8 23 79 38 91 38 12 12 21 3 40 81 1 55 85 21 40 57 33 62 0 58 95 59 7 83 46 78 94 84 54 84 77 78 92 62 32 21 68 30 34 67 68 30 17 44 84 64 51 54 9 55 48 84 67 13 63 30 94 30 85 31 26 40 87 27 61 66 28 41 29 58 88 15 11 58 66 81 16 39 12 
16 73 1 10 93 28 50 92 93 73 41 78 85 66 48 68 44 83 61 43 32 64 53 81 34 93 18 17 90 38 91 91 3 39 22 20 87 95 93 49 58 39 96 88 59 62 73 24 75 22 13 6 36 29 70 96 44 5 54 32 40 69 31 96 7 53 95 34 20 96 39 70 47 24 30 91 81 21 15 5 26 45 10 68 83 32 14 54 70 80 97 70 49 40 20 20 84 36 91 2 
94 51 59 0 46 91 40 28 64 37 85 73 39 22 69 81 83 1 57 57 26 50 72 48 54 6 54 94 27 76 0 6 27 31 98 66 9 77 45 62 98 56 0 68 85 91 94 22 94 83 82 20 33 87 62 16 4 40 68 31 22 33 6 53 53 26 39 0 51 19 22 57 25 79 19 72 35 33 12 30 59 80 42 99 75 30 4 45 65 2 42 21 90 98 18 48 22 14 11 19 
24 59 39 34 35 94 39 83 63 24 76 37 65 78 36 31 1 89 29 7 87 72 30 66 88 5 31 54 97 60 14 45 76 41 87 76 70 5 67 8 36 16 97 8 22 86 33 99 93 42 90 35 33 50 21 78 30 88 71 63 94 80 19 53 55 47 15 63 48 39 16 0 90 93 76 97 17 95 76 91 33 6 63 87 82 87 86 83 6 16 47 32 73 9 74 52 9 59 62 4 
43 10 74 22 25 78 37 91 86 87 86 16 31 33 51 18 64 24 62 83 62 32 97 39 14 41 5 40 50 66 25 30 42 48 68 14 9 96 27 35 49 28 87 53 69 46 46 41 22 53 0 26 84 46 81 99 77 50 70 52 90 93 24 41 77 6 99 64 75 11 86 71 42 39 10 30 90 35 30 38 84 86 54 2 19 4 51 13 38 65 73 72 5 97 38 94 68 23 10 5 
17 19 11 66 82 24 32 52 37 30 8 44 90 55 52 85 46 24 13 83 57 70 91 61 71 77 99 39 15 25 50 76 68 23 22 20 67 43 96 2 20 96 47 28 32 11 67 54 47 24 2 4 7 1 43 22 33 31 4 95 66 54 10 1 56 61 30 90 14 76 26 40 46 1 65 85 18 59 75 70 65 60 40 64 78 45 86 8 61 97 1 67 85 80 55 45 10 39 36 31 
87 54 84 74 55 80 42 3 36 24 59 4 12 94 40 48 43 79 52 13 97 45 61 29 88 49 89 51 88 70 99 24 67 62 72 21 87 11 47 66 90 83 80 40 64 20 73 3 55 31 48 43 79 20 53 44 35 33 23 7 52 34 36 43 48 72 98 8 14 68 8 91 68 35 1 70 97 4 67 1 84 17 55 18 77 33 28 72 38 58 77 82 93 83 87 30 8 44 15 12 
4 68 4 81 39 31 31 35 51 48 76 79 84 37 24 32 29 34 35 2 58 34 12 87 98 0 83 16 42 54 47 84 29 59 48 40 21 38 50 86 34 57 74 0 22 47 52 27 37 73 74 17 37 91 28 42 93 78 77 30 89 65 57 52 22 29 67 65 47 49 77 84 51 38 61 88 13 18 6 22 68 39 40 61 1 11 0 52 1 45 16 59 11 98 86 24 85 34 86 15 
2 40 8 35 4 73 62 96 59 15 31 82 22 24 17 7 56 67 77 28 6 61 1 19 79 89 13 57 83 33 16 42 49 75 12 25 34 40 25 7 7 50 43 46 67 88 47 22 92 78 15 26 28 94 27 59 49 62 59 78 49 23 62 63 35 70 33 86 74 24 21 29 21 91 97 70 31 31 59 2 48 90 9 50 55 12 11 50 61 93 15 63 13 36 84 53 26 92 86 88 
26 13 78 98 13 90 94 50 46 84 80 4 43 65 95 13 35 54 92 92 35 14 86 69 5 8 1 48 65 66 96 53 24 63 86 83 79 54 69 99 8 52 88 79 83 84 22 74 52 97 71 85 39 72 80 59 87 11 85 17 11 68 95 45 67 70 86 7 95 76 3 68 45 43 19 7 19 19 38 2 22 85 4 50 93 72 12 77 21 52 6 51 78 58 54 6 86 29 81 63 
89 36 15 26 17 33 2 97 51 22 70 11 25 34 2 42 97 70 6 12 66 12 17 74 89 20 85 22 47 41 61 97 1 34 34 15 84 70 56 83 95 37 83 95 77 96 70 42 67 42 91 62 14 39 69 34 20 21 77 60 77 42 42 56 24 22 92 58 71 1 91 99 19 23 21 58 87 90 35 88 4 83 75 42 57 49 96 80 59 82 22 29 40 72 97 45 96 71 64 88 
36 48 4 69 35 97 27 83 69 41 50 54 86 75 2 37 18 98 62 47 47 80 55 84 28 39 58 66 38 43 66 51 69 33 22 80 75 27 57 62 65 13 54 72 10 20 54 17 19 9 52 40 70 40 85 25 69 90 76 46 59 12 55 70 56 81 22 80 51 65 8 67 17 34 16 32 57 75 30 93 84 12 10 53 65 45 59 60 87 74 32 45 41 47 27 45 87 87 79 13 
92 55 48 51 35 4 60 92 53 12 60 90 31 1 67 44 20 62 70 50 74 43 93 80 22 95 85 24 80 85 55 52 72 88 88 72 57 62 97 0 76 26 52 42 13 77 83 33 36 42 46 58 54 85 52 98 53 66 42 64 57 9 34 28 20 45 13 5 93 14 67 66 17 35 56 31 14 43 40 30 95 62 26 97 47 92 92 7 33 46 50 1 33 64 61 37 77 94 78 67 
78 70 99 96 51 69 25 13 54 41 8 49 99 14 54 25 10 59 22 11 12 16 68 81 60 58 4 68 65 55 84 88 16 75 45 25 68 17 26 59 14 45 83 90 94 78 15 76 61 84 6 7 89 72 28 98 18 3 54 36 94 32 2 7 79 12 49 14 43 87 24 49 76 37 54 83 46 86 37 30 54 1 99 22 44 98 71 87 23 47 60 89 15 20 13 13 67 3 9 54 
28 71 2 43 22 62 64 58 66 25 19 45 39 15 45 9 5 30 13 97 23 37 93 68 35 65 37 65 80 34 20 61 63 16 74 10 30 43 46 35 17 68 70 23 34 98 50 51 52 91 73 86 62 98 18 40 72 97 69 75 54 66 28 83 64 24 0 1 14 67 96 60 77 39 2 12 21 61 39 24 45 59 84 29 52 86 54 33 97 5 10 27 53 59 73 61 35 45 13 8 
17 93 93 47 5 86 6 38 82 54 99 0 60 96 45 71 37 93 14 75 26 24 35 54 73 13 85 30 60 88 53 3 14 51 78 67 77 5 10 71 32 55 36 80 89 18 69 10 61 51 34 83 91 16 29 31 15 96 81 55 40 9 67 71 51 35 14 21 85 15 51 58 15 21 82 91 73 95 72 81 65 91 37 40 44 23 47 14 37 79 43 94 21 23 76 3 67 50 90 36 
33 22 73 96 11 8 62 58 2 14 13 4 55 51 8 55 13 79 54 0 36 35 71 34 0 28 43 76 70 99 18 68 13 16 27 52 64 7 88 95 81 86 24 72 41 1 86 63 14 34 21 0 5 44 57 24 94 42 69 37 64 56 65 37 61 42 38 78 82 48 31 16 31 4 79 60 57 85 4 64 75 24 62 70 2 86 84 74 29 70 98 82 89 99 59 88 66 63 73 2 
9 97 88 97 22 84 23 52 77 17 81 18 41 75 94 43 21 45 92 87 51 72 81 87 81 41 18 60 94 33 37 29 53 55 74 36 8 62 11 77 35 44 98 46 6 97 79 30 85 40 78 63 86 23 74 37 44 34 47 25 66 18 78 42 18 62 34 67 88 57 36 10 37 17 90 99 80 88 17 87 82 97 98 30 76 57 10 59 11 30 45 12 15 11 83 38 12 26 35 45 
13 11 69 3 14 93 87 53 85 30 15 51 67 6 63 77 80 24 61 66 84 84 1 12 23 88 80 24 72 90 66 27 49 18 52 52 34 28 2 49 31 60 22 65 30 32 10 56 38 61 6 72 28 26 30 13 56 45 6 84 68 71 11 56 11 27 33 2 97 18 45 86 40 1 62 21 54 6 30 9 38 92 66 79 44 82 98 96 29 66 69 46 69 86 73 12 63 2 5 37 
99 27 48 60 18 63 30 19 27 34 8 78 19 61 69 95 26 53 69 4 1 86 52 55 44 21 81 64 49 98 32 23 72 54 34 96 84 40 30 44 97 18 19 98 3 63 81 6 8 75 92 41 22 62 48 94 60 68 22 10 33 89 85 70 12 72 16 45 9 85 39 83 16 3 96 98 26 83 13 46 80 51 11 40 51 2 21 95 80 21 41 13 59 33 77 65 79 21 98 19 
79 30 45 9 0 33 59 68 38 90 47 91 8 59 57 27 64 2 10 66 74 42 37 26 51 11 28 8 1 77 75 94 93 31 71 1 62 24 23 63 8 74 40 95 51 77 55 93 53 10 91 96 1 32 71 99 53 55 96 76 70 20 31 39 3 32 50 87 48 60 57 28 84 43 87 92 65 18 16 19 94 61 21 49 60 95 22 11 21 84 52 24 47 33 43 85 41 92 90 3 
39 28 88 41 98 95 29 61 78 2 81 19 75 77 60 35 45 3 99 34 64 4 34 21 86 69 11 25 19 92 5 98 12 21 69 69 67 76 9 23 78 49 10 64 4 32 75 8 51 32 98 37 68 41 95 77 13 84 90 46 37 36 50 35 77 99 43 12 85 23 48 13 89 82 54 91 33 55 75 35 38 61 6 47 39 40 54 82 14 38 97 28 8 44 19 82 76 26 7 31 
66 25 37 11 31 98 25 26 34 25 75 61 30 40 68 56 95 97 76 3 79 59 35 83 22 88 17 60 19 38 53 13 68 55 45 5 24 25 56 95 60 44 0 72 20 19 87 49 42 0 32 89 26 79 33 16 60 63 19 60 12 34 28 6 5 8 12 32 56 99 71 86 45 66 78 6 94 55 88 73 94 52 99 63 41 33 79 26 15 18 10 90 94 60 36 23 68 66 53 71 
11 20 85 41 38 96 48 7 45 39 54 36 53 11 64 93 43 26 48 41 93 17 13 34 37 54 75 35 96 31 25 14 74 32 3 38 8 30 54 98 25 33 94 75 70 87 84 28 48 34 8 50 52 48 29 57 12 65 26 10 83 21 55 98 27 74 89 49 70 12 49 47 23 67 72 21 73 45 95 91 4 33 85 4 98 51 29 62 21 9 4 8 0 45 16 2 83 27 62 68 
51 10 93 66 89 10 43 98 10 1 36 54 27 38 92 47 21 17 26 6 35 37 39 22 35 94 83 55 27 7 66 57 1 43 85 16 77 98 52 62 13 26 87 97 29 67 4 56 24 28 76 48 18 6 91 35 92 86 77 91 69 34 70 3 47 16 66 32 1 7 70 62 90 10 38 49 58 6 83 30 27 14 70 0 7 77 9 28 91 83 54 60 23 28 98 23 0 21 52 26 
79 80 90 41 37 95 18 45 58 80 17 65 97 28 13 78 32 8 97 40 0 74 81 89 32 48 33 92 54 6 98 58 26 63 31 72 30 46 30 70 73 49 15 21 88 9 44 51 90 31 86 7 35 31 98 51 7 91 16 18 16 67 64 65 21 6 66 54 61 43 84 82 12 9 49 51 31 83 16 26 45 52 28 61 32 14 87 93 22 53 42 66 46 91 23 31 46 30 62 47 
70 58 96 55 17 27 10 34 10 92 84 24 94 37 69 27 72 67 33 79 20 38 68 30 84 48 51 14 44 91 8 43 50 10 27 41 61 4 46 15 21 38 13 43 63 32 11 92 17 57 67 14 41 14 70 37 50 96 67 84 27 81 20 91 35 76 9 31 53 16 67 29 13 35 6 97 14 43 10 4 17 1 91 80 57 56 19 68 85 80 28 60 71 95 65 6 15 53 45 0 
95 3 2 40 80 55 45 38 37 54 19 40 98 39 13 44 72 42 39 37 39 95 33 35 84 34 40 24 60 86 52 35 61 77 74 12 67 92 47 0 94 15 9 71 6 63 86 75 58 86 15 51 17 63 91 15 74 66 64 86 24 46 49 29 54 21 93 30 2 52 6 61 71 13 45 29 67 17 34 27 15 5 23 46 72 18 46 51 82 95 78 51 37 20 65 24 5 21 31 45 
94 69 22 12 62 3 15 11 91 96 20 31 16 51 58 19 34 85 53 36 78 65 17 79 21 47 67 40 88 31 13 1 33 57 38 54 86 14 98 68 69 21 84 59 91 15 45 29 21 72 8 80 3 19 38 90 39 56 32 39 66 8 59 71 29 53 35 66 63 42 63 88 8 97 40 0 73 22 95 28 99 11 12 66 58 39 89 65 7 95 44 99 39 48 8 22 69 48 69 36 
81 19 69 48 30 77 74 85 63 5 45 65 14 18 77 58 45 75 41 80 21 64 26 3 71 14 93 50 60 52 3 37 92 80 69 86 74 8 46 54 23 26 23 51 29 60 82 97 2 48 91 5 61 83 75 20 94 76 69 12 88 91 73 79 12 99 35 41 60 85 93 64 83 21 12 54 23 62 56 2 91 50 58 6 55 91 98 56 68 68 85 59 24 18 92 57 25 50 34 6 
92 91 54 78 74 64 89 74 58 32 95 37 50 40 87 10 47 49 72 70 57 99 8 71 20 65 44 4 79 14 86 7 54 31 15 40 87 29 53 40 9 66 70 79 73 15 77 5 97 69 84 23 53 45 3 24 75 24 56 38 90 70 72 63 47 25 97 39 84 62 61 8 68 12 61 46 94 44 21 76 13 51 63 61 85 53 54 19 75 35 25 50 71 72 64 86 53 85 98 42 
24 77 92 24 11 5 21 73 40 93 2 66 19 47 40 7 75 73 36 87 51 93 94 44 0 6 53 21 5 38 22 25 63 59 51 70 26 67 46 33 7 71 26 16 24 64 24 61 80 91 82 89 52 79 76 37 22 66 60 71 52 34 16 12 61 95 33 17 53 72 35 16 23 53 54 24 46 92 67 68 93 28 83 44 40 29 27 88 14 10 60 32 88 75 97 4 38 43 91 1 
48 81 97 21 80 85 76 56 26 77 88 51 0 80 52 0 60 63 6 69 86 3 18 33 26 14 61 80 50 65 1 51 80 9 47 61 70 49 4 68 17 52 20 78 91 7 96 1 76 21 86 65 12 44 26 29 63 63 71 97 49 90 30 58 67 90 10 22 85 98 5 78 86 32 30 62 49 40 44 20 97 98 74 3 99 7 63 0 6 45 71 90 23 18 3 7 46 10 82 7 
81 52 40 32 52 91 67 94 29 49 80 88 49 39 91 23 86 62 2 59 14 46 43 39 56 53 99 12 34 10 66 93 47 38 25 74 49 51 47 42 81 72 83 1 6 48 24 42 79 54 70 45 97 64 72 68 1 34 27 47 61 50 42 38 37 50 67 6 92 94 97 22 88 18 85 80 94 41 42 22 49 95 20 90 10 88 92 82 36 7 14 52 45 42 63 9 72 18 62 58 
13 78 49 91 34 63 47 44 51 94 48 74 32 69 63 91 61 90 39 60 14 14 13 21 16 22 53 54 5 79 3 57 59 23 44 20 99 22 49 69 99 30 91 79 96 27 64 71 38 66 57 94 80 40 4 16 20 5 47 30 18 69 66 24 60 67 98 90 31 13 30 0 76 99 23 3 41 27 50 14 9 59 29 25 48 37 86 92 20 0 18 40 65 28 22 74 27 64 30 60 
74 90 87 67 69 63 39 21 35 27 2 0 30 7 15 64 64 92 52 62 92 99 82 64 93 68 32 51 21 92 5 70 8 42 76 5 46 43 8 86 10 20 92 38 1 92 48 7 39 67 85 73 96 14 94 63 49 0 11 27 84 81 58 0 77 97 40 67 91 10 5 28 31 74 83 63 6 23 68 59 81 88 90 29 8 9 82 4 83 77 4 35 41 11 34 79 90 18 79 75 
36 90 47 25 92 88 96 72 45 92 22 3 1 52 98 62 52 3 83 39 74 51 43 70 68 88 49 46 21 71 54 44 33 93 89 97 58 4 74 23 35 42 31 99 5 31 30 69 36 2 77 24 66 10 15 20 22 67 94 17 11 26 49 15 78 53 64 10 90 92 54 38 38 43 90 87 36 25 65 73 48 28 11 68 71 82 68 38 5 87 37 21 1 56 3 58 51 20 75 6 
14 65 59 97 67 77 36 20 30 77 40 59 92 62 14 18 97 62 7 35 6 45 15 65 29 37 81 40 48 62 3 77 56 71 74 78 87 49 45 57 95 33 79 38 56 31 49 3 88 83 60 19 98 25 76 33 33 13 38 54 49 41 0 21 74 25 39 51 72 87 0 7 31 3 33 18 9 57 57 94 84 14 78 59 96 91 75 22 48 67 19 54 79 31 25 16 26 17 17 84 
52 98 25 20 79 72 43 35 69 6 18 43 25 24 6 18 3 66 5 71 77 17 60 23 80 66 79 86 35 1 28 3 2 84 53 63 69 27 8 86 37 71 87 10 83 24 8 88 37 60 2 68 22 85 56 5 46 24 37 97 20 38 21 30 46 59 24 41 70 26 49 30 62 28 24 4 63 25 11 54 29 63 9 42 50 64 56 9 15 46 48 63 71 92 96 16 91 96 81 40 
83 59 45 19 43 73 66 76 67 42 59 99 26 92 74 36 25 77 35 66 45 87 68 7 75 95 81 74 59 51 13 27 38 23 1 70 59 22 89 54 1 24 93 31 94 79 90 70 79 94 93 72 74 57 60 34 48 82 58 75 57 36 47 42 0 18 45 90 8 78 76 83 95 95 77 54 12 11 21 40 8 13 20 52 56 50 92 87 42 27 38 55 37 78 52 74 66 48 92 51 
69 98 52 78 87 43 94 1 40 62 70 59 44 72 26 88 94 83 45 94 73 4 83 10 3 30 36 54 31 81 86 53 33 90 81 39 39 95 25 99 58 58 86 14 79 77 51 63 8 60 3 23 26 26 49 33 39 93 14 26 54 96 93 89 14 50 2 43 53 85 33 69 91 80 52 70 9 73 88 18 98 33 25 23 11 41 18 75 81 25 79 78 65 3 34 14 35 26 27 73 
24 7 47 62 81 92 97 37 27 71 25 87 12 14 44 85 77 0 91 49 10 98 58 43 55 16 60 81 4 85 9 97 16 2 15 22 17 13 89 5 55 89 1 37 86 94 99 49 68 93 98 65 24 46 24 1 48 87 73 97 45 85 44 23 89 42 76 89 7 17 35 42 86 13 16 25 32 58 7 64 33 42 23 94 40 47 56 6 0 38 1 6 30 32 99 8 39 2 94 64 
8 94 52 58 77 32 64 5 14 38 88 21 10 76 74 65 87 7 39 92 3 60 97 72 48 87 47 51 26 28 22 42 22 25 27 11 14 6 22 27 44 90 69 28 13 59 18 8 75 44 32 38 9 12 5 96 1 97 7 29 6 70 40 47 3 6 24 1 55 63 65 67 19 54 23 34 81 59 79 74 2 34 4 69 6 59 24 97 10 64 0 65 39 45 15 32 53 57 17 42 
83 2 19 64 13 89 57 2 53 43 70 15 42 39 63 19 14 33 79 63 8 74 90 91 81 77 8 76 26 14 80 24 85 24 4 82 87 44 55 68 71 88 63 7 89 73 88 2 17 74 17 43 13 68 48 55 20 90 3 87 85 36 33 83 79 70 65 17 50 19 11 21 74 2 53 91 50 38 36 10 0 85 11 8 91 6 86 46 13 11 71 70 14 0 69 33 48 78 2 58 
24 34 23 20 30 33 93 67 49 20 38 77 45 12 24 98 56 68 89 99 10 74 44 87 44 70 56 32 76 60 6 56 51 29 27 73 43 29 58 61 26 60 95 53 1 65 9 10 42 86 85 26 32 77 47 33 25 30 65 19 75 66 94 23 50 27 40 0 49 10 85 99 1 17 86 30 49 61 78 3 92 47 5 20 32 93 56 61 16 83 44 39 93 10 37 99 60 78 14 30 
48 63 29 64 46 41 96 78 36 20 30 65 69 56 58 84 24 93 42 53 97 19 51 54 10 82 32 53 67 12 76 6 40 17 7 37 81 94 17 79 37 29 25 13 51 5 92 30 26 91 98 52 28 48 79 35 70 4 66 49 74 50 30 49 57 64 91 92 38 33 48 29 2 82 12 90 97 42 62 51 85 33 43 99 86 67 99 63 17 4 52 77 97 27 50 53 63 72 76 32 
5 62 61 62 70 5 31 0 83 63 96 86 17 1 18 24 29 24 21 68 28 44 90 23 72 5 86 96 90 40 51 86 78 41 6 32 52 31 46 11 1 19 99 47 97 49 55 25 66 55 29 53 77 59 39 34 11 94 62 34 99 42 91 48 9 82 68 30 22 28 11 52 55 52 83 62 75 65 45 90 17 15 48 2 5 16 84 55 14 28 7 98 84 84 1 5 95 84 46 33 
87 99 5 46 37 16 95 36 94 79 32 1 91 81 10 12 85 56 96 20 61 53 28 32 7 43 4 37 46 32 6 20 19 54 30 78 51 56 64 52 62 49 90 8 6 82 22 54 23 55 76 63 48 77 70 56 58 35 17 21 28 98 24 91 90 35 79 58 50 71 53 39 55 77 12 15 68 63 29 48 89 24 75 44 20 90 53 39 63 76 48 96 51 6 53 50 4 23 3 97 
36 79 71 0 82 29 85 92 59 95 54 23 54 13 42 50 35 2 36 59 81 53 24 26 41 36 49 18 98 2 6 60 94 14 30 19 81 46 82 69 85 33 90 18 85 72 13 65 39 79 20 39 99 55 37 8 41 51 11 90 70 92 26 81 93 69 17 60 25 35 74 6 93 48 40 21 84 91 79 33 54 67 12 44 39 79 65 97 42 68 11 75 57 49 12 51 79 20 96 96 
18 10 15 85 50 37 13 60 86 27 92 95 90 39 29 24 56 50 41 41 18 60 63 91 24 32 15 22 22 63 0 78 33 81 53 24 70 80 25 48 55 43 61 82 1 50 27 34 2 3 96 20 92 48 84 72 37 6 69 43 64 14 41 2 68 69 29 98 84 45 67 0 55 34 50 58 61 78 1 11 97 9 44 75 36 11 73 58 94 67 2 56 71 76 34 77 61 94 71 12 
72 16 36 53 18 3 50 79 89 49 87 34 57 3 61 73 2 12 28 71 89 87 99 68 22 6 36 22 78 80 30 97 94 68 39 78 72 51 6 98 20 16 66 95 98 98 44 79 26 34 57 9 20 38 68 8 77 44 15 1 85 55 87 13 62 62 53 99 13 22 58 95 76 11 22 62 4 70 17 48 96 78 13 16 45 59 76 6 12 22 6 23 13 14 73 16 68 42 65 48 
