21 98 13 74 39 28 60 34 56 38 80 84 65 76 35 62 21 26 16 11 17 17 68 16 60 4 56 94 73 89 0 60 26 4 97 65 68 63 41 48 64 95 59 36 58 66 65 50 76 21 54 21 54 76 87 32 63 47 33 53 34 3 48 42 73 90 23 36 10 47 28 20 85 50 61 9 97 2 11 5 70 4 81 59 38 3 64 69 31 28 58 87 97 20 25 83 32 11 38 3 
39 71 5 12 58 14 43 84 26 9 69 3 71 29 30 97 74 42 28 7 88 2 87 14 17 99 51 92 69 88 19 62 56 0 41 17 24 88 92 26 8 78 44 83 15 75 20 91 86 47 82 58 25 17 39 43 3 4 16 7 25 24 68 29 45 6 11 32 28 31 24 49 32 82 54 87 45 12 72 81 54 7 10 62 8 11 90 95 51 44 30 34 76 52 52 64 42 32 71 47 
15 60 48 14 34 96 61 51 71 96 97 51 6 57 5 63 99 45 16 4 41 63 77 11 66 59 64 47 7 99 22 56 4 15 3 34 74 69 41 45 7 49 3 74 62 67 41 1 35 38 18 92 77 16 19 8 78 26 58 39 47 34 75 46 49 59 21 0 96 61 9 38 2 8 58 64 57 85 0 84 88 99 26 58 11 32 98 60 98 89 17 14 96 69 18 8 40 80 63 23 
63 3 97 34 43 40 27 22 48 0 14 84 66 95 35 53 18 11 33 34 12 39 53 98 36 14 88 64 35 92 52 93 28 0 13 97 56 66 33 1 47 8 54 38 80 84 94 11 27 64 21 32 13 28 71 97 36 51 96 69 67 96 4 85 27 31 10 64 63 33 32 64 14 40 4 16 80 78 85 11 50 7 69 85 29 33 74 37 19 68 66 7 32 19 31 87 84 85 51 97 
98 43 5 90 68 76 96 87 48 86 51 85 55 29 33 25 23 50 54 53 63 30 66 98 1 79 6 39 11 21 80 62 23 92 27 45 11 66 3 88 5 68 65 13 62 98 78 48 65 70 4 0 62 5 45 26 79 48 32 25 36 40 18 53 74 29 70 72 65 32 12 50 42 43 22 55 10 49 10 18 89 38 74 16 1 72 94 7 11 27 6 85 42 54 96 68 25 98 98 66 
7 74 87 40 21 92 18 55 60 63 87 95 72 94 79 84 12 83 50 57 71 4 83 35 66 42 58 34 50 98 40 37 97 29 36 56 36 78 41 73 24 91 41 8 54 29 92 8 87 64 60 25 43 26 83 43 64 29 25 10 63 18 19 76 19 45 48 29 57 30 8 85 70 30 83 15 50 63 83 68 65 80 16 21 13 29 54 25 80 46 32 22 42 5 84 59 72 41 19 54 
18 28 62 48 82 12 33 41 78 73 51 32 44 6 90 26 35 75 5 14 41 29 87 29 8 64 46 10 13 9 27 61 91 79 12 68 99 12 27 11 88 91 53 80 2 88 31 53 67 81 71 24 65 60 82 87 12 91 45 66 50 54 94 77 22 79 56 34 47 78 42 47 37 8 43 76 76 82 66 76 35 58 20 16 50 21 50 52 16 37 49 49 43 48 51 62 21 50 92 19 
4 36 69 39 53 37 71 32 86 49 67 5 3 4 77 7 21 8 38 44 10 78 55 64 40 43 11 40 38 69 44 73 35 11 76 73 28 17 13 45 71 61 19 82 41 75 29 19 86 86 3 19 59 15 86 27 9 26 28 4 91 7 94 34 91 46 8 71 29 45 8 89 29 25 13 81 84 20 60 34 4 31 12 29 31 40 94 43 1 61 4 76 69 22 60 85 78 82 24 84 
58 73 20 57 70 94 25 9 39 11 47 75 25 90 45 59 62 0 28 94 93 53 51 77 63 30 81 61 18 6 92 27 53 44 45 26 63 23 39 2 15 7 29 49 83 20 94 91 91 0 95 46 77 82 92 31 3 72 94 76 24 76 92 22 23 91 40 50 60 81 16 63 28 97 74 50 31 16 96 10 64 4 99 81 33 31 95 23 51 79 30 65 60 92 17 48 43 41 20 39 
1 72 0 66 90 88 43 81 77 15 98 33 23 31 37 65 92 92 72 39 76 9 81 4 42 64 38 53 31 42 33 80 13 75 73 78 56 17 58 30 81 96 60 2 53 93 36 41 44 3 84 97 50 3 36 25 74 1 36 53 1 0 83 76 74 78 33 31 16 8 74 37 22 8 19 3 6 23 84 72 91 34 98 47 45 35 41 40 11 97 70 24 11 45 75 81 50 42 23 93 
60 40 68 18 2 79 22 10 37 81 62 4 94 1 94 7 73 97 11 41 98 44 44 14 47 29 5 98 94 71 27 97 85 21 82 77 7 40 97 69 72 14 17 28 65 93 0 24 13 41 47 40 31 82 74 32 6 33 95 43 9 36 46 73 54 80 51 98 74 31 85 91 5 99 17 20 36 5 85 9 14 73 51 93 26 50 89 20 15 25 67 16 57 90 55 18 37 5 7 14 
98 1 64 84 1 63 98 72 90 43 33 80 32 28 50 77 51 68 60 87 76 28 0 1 48 56 7 61 73 39 7 39 57 2 33 56 28 63 21 24 68 80 66 12 55 28 0 78 30 29 71 42 23 94 39 94 79 31 68 96 33 19 6 38 17 66 29 79 26 43 77 64 27 38 94 17 43 54 54 5 70 97 51 55 65 65 18 75 2 55 16 16 98 68 53 92 64 23 38 29 
98 38 83 64 76 73 28 39 23 41 23 79 0 43 39 68 42 2 71 9 89 3 7 50 80 3 22 95 68 56 87 74 93 8 17 45 82 85 1 50 96 85 79 66 36 84 19 83 34 96 58 38 96 31 71 21 30 32 87 93 53 79 17 86 88 70 90 73 28 12 47 62 30 8 95 24 46 39 56 70 88 57 34 91 34 65 90 84 2 50 11 44 1 16 46 1 0 0 67 37 
85 5 21 12 97 48 98 16 49 69 57 32 25 21 47 77 33 38 51 65 86 82 59 58 7 33 40 87 52 93 14 2 74 14 16 6 41 41 12 61 54 9 38 36 66 85 77 86 11 93 91 83 75 3 82 62 22 35 39 45 31 74 54 18 75 4 38 81 70 76 94 25 90 36 68 16 1 97 29 60 69 12 21 62 65 18 68 60 51 69 94 41 64 55 43 83 16 74 74 10 
99 37 55 23 3 34 18 71 58 32 70 21 98 47 65 18 24 18 26 76 50 20 5 40 48 39 62 12 81 68 20 27 13 27 39 19 25 58 44 33 3 23 28 43 8 99 92 39 51 56 31 13 63 19 80 7 47 18 85 32 37 72 17 66 0 74 50 57 46 72 42 30 34 25 95 77 61 4 80 41 56 71 83 61 53 64 40 36 33 81 87 25 9 8 16 29 52 68 53 33 
4 86 57 94 93 51 56 94 6 5 60 8 45 64 46 88 37 31 83 93 42 0 29 50 5 40 17 14 92 50 43 59 93 73 76 85 82 40 91 48 47 22 29 20 31 23 45 80 52 5 88 69 49 42 9 51 21 41 61 19 54 23 41 27 59 56 32 64 13 85 38 38 36 13 5 61 30 59 31 2 87 74 8 59 35 64 46 52 73 90 34 42 36 45 29 45 67 29 35 57 
0 38 39 80 84 11 79 43 57 45 53 74 17 1 77 21 12 45 93 29 60 9 71 14 75 96 54 37 4 24 75 21 26 10 53 74 85 91 23 47 70 8 17 24 73 27 6 14 0 58 93 38 71 55 45 27 11 17 21 12 8 18 52 17 42 98 9 68 21 99 86 47 91 65 97 37 34 95 52 94 87 30 86 19 51 98 14 45 19 40 64 88 5 59 76 31 73 61 25 26 
25 23 95 89 17 27 89 7 5 58 82 17 96 14 40 92 21 46 41 92 13 84 14 7 8 2 73 21 11 12 51 93 53 92 54 15 76 91 19 48 6 76 40 71 21 86 52 61 68 83 7 60 7 94 91 19 13 80 43 5 15 90 99 63 44 10 16 35 3 17 77 18 13 16 50 76 60 13 45 79 23 95 99 41 54 73 84 94 72 28 32 5 23 92 3 13 28 20 40 20 
36 16 11 63 54 18 17 20 78 20 71 80 73 49 17 59 42 46 72 50 24 91 98 40 65 2 66 72 15 39 66 77 13 92 31 42 76 99 52 20 15 54 79 81 59 15 41 35 31 96 63 89 27 88 8 94 14 31 81 78 42 90 79 12 79 78 79 62 13 79 80 58 74 56 76 51 41 6 60 23 80 64 93 58 23 12 47 82 46 79 38 57 93 74 41 28 46 90 86 81 
87 57 35 87 0 85 98 69 99 37 45 44 54 50 95 89 77 63 70 90 5 39 19 15 76 30 27 61 98 39 81 70 3 34 3 20 6 98 78 98 65 4 72 51 90 41 93 62 73 80 81 29 39 59 39 6 82 3 54 15 86 26 23 53 56 22 40 71 6 71 75 88 26 41 2 94 22 81 41 73 46 12 96 15 63 78 3 69 93 49 88 54 0 75 60 66 60 39 16 22 
20 71 77 98 87 54 2 91 26 76 57 2 90 14 40 60 34 93 81 56 39 59 36 82 66 33 40 61 13 44 81 84 38 91 33 71 8 91 88 25 12 51 48 41 11 15 52 9 40 92 68 34 73 38 19 27 45 8 4 74 4 3 63 32 19 14 86 5 33 41 17 43 26 93 54 34 74 18 49 72 77 18 57 25 34 61 31 89 69 62 55 89 37 21 32 80 54 13 8 71 
30 99 28 27 53 8 76 73 95 0 22 26 73 39 99 60 80 77 54 33 5 48 58 39 72 81 38 35 12 51 67 29 14 39 69 88 45 96 41 98 74 12 11 11 27 84 10 87 89 41 72 85 27 12 36 6 21 4 76 73 25 49 24 19 58 66 32 6 26 46 6 34 2 12 68 36 45 1 30 38 26 22 83 7 41 54 9 87 83 17 51 98 32 54 2 30 87 34 22 25 
20 6 53 83 88 65 86 7 29 29 32 62 43 88 1 93 24 34 61 31 43 57 50 18 7 99 54 32 78 35 90 21 90 79 64 3 92 13 72 30 92 1 79 17 44 18 46 69 60 35 1 96 73 99 65 37 28 80 90 46 62 69 97 2 38 94 11 28 98 0 46 7 9 5 68 84 85 64 16 93 29 61 0 64 65 28 4 59 40 44 20 8 90 6 14 44 62 2 96 80 
6 13 1 76 66 51 49 23 77 24 93 23 86 13 90 25 63 36 88 20 63 36 44 71 33 29 25 51 3 80 17 89 72 49 47 40 45 46 8 11 86 59 33 46 88 79 99 57 98 54 12 88 49 83 60 33 12 24 26 31 0 27 66 77 67 44 35 99 35 80 57 70 26 48 34 53 63 34 84 51 55 87 16 32 54 10 94 12 7 88 58 89 35 36 93 7 88 37 30 20 
96 38 66 10 2 5 10 62 71 51 29 47 38 46 89 82 37 28 98 70 46 88 4 59 86 87 16 27 15 80 74 69 20 63 37 54 1 86 52 96 48 21 76 0 3 56 94 39 95 10 54 25 13 0 28 79 6 83 42 1 16 30 86 77 7 52 34 37 37 20 97 71 94 29 67 16 62 40 40 0 28 48 72 72 75 42 39 15 15 56 44 9 75 51 31 40 56 60 43 85 
68 79 56 39 48 82 37 50 43 35 81 59 4 93 56 54 57 72 88 37 37 92 85 79 35 82 20 90 4 4 86 97 79 6 21 16 55 13 83 70 97 17 83 82 62 53 4 69 67 86 39 75 0 1 93 55 53 36 73 20 59 51 74 93 38 53 96 51 91 78 95 60 61 33 21 28 44 30 78 24 33 25 37 95 99 51 56 97 77 32 22 56 97 98 84 40 69 14 30 58 
72 88 92 25 23 75 20 57 28 45 1 79 39 0 65 28 67 67 59 45 7 63 80 59 34 29 83 56 43 18 14 18 81 48 55 43 27 73 11 60 63 13 54 42 84 65 91 70 44 96 13 59 95 65 34 21 49 19 3 73 26 44 52 75 44 53 94 15 0 32 6 63 33 4 83 1 25 13 23 49 66 15 22 12 44 45 84 67 64 36 4 5 64 2 29 42 15 20 44 22 
28 63 26 57 26 46 63 64 71 46 86 24 45 84 55 58 84 83 11 83 1 70 71 81 58 48 36 61 55 24 37 26 9 20 73 30 65 60 91 19 79 40 75 25 24 26 75 3 89 41 2 95 53 35 55 49 28 11 13 10 64 66 34 9 32 27 62 70 80 22 1 35 32 11 71 76 20 18 6 97 60 76 93 21 47 3 65 37 17 95 9 95 6 2 54 61 73 53 78 65 
65 31 48 98 33 45 61 67 53 95 65 46 80 63 97 83 17 3 39 54 51 7 87 58 20 47 49 96 27 38 27 68 89 44 84 77 65 9 13 55 11 86 67 32 23 11 5 0 65 86 43 26 44 68 19 38 11 37 96 4 8 65 88 29 55 12 90 89 37 41 39 96 50 70 20 25 11 7 85 20 28 65 73 63 29 33 90 7 92 70 34 27 82 54 17 65 69 4 9 32 
41 50 64 79 1 24 61 72 21 77 18 62 14 40 83 19 26 3 95 1 72 63 95 24 6 39 87 61 41 19 9 24 93 91 87 54 94 12 53 37 85 85 62 8 3 34 91 4 75 81 42 23 38 95 75 31 84 18 77 31 84 42 23 60 57 88 56 42 63 89 88 36 87 40 24 41 7 32 77 4 35 16 83 43 73 64 99 72 12 39 47 56 14 17 42 19 52 43 96 96 
13 68 22 28 31 58 81 5 77 37 79 25 20 28 15 29 0 30 50 15 69 19 34 49 15 79 22 99 19 61 74 98 52 84 4 63 4 58 95 48 34 82 35 18 28 44 13 11 12 6 9 16 89 49 53 89 79 20 80 75 50 61 6 98 87 98 77 33 51 5 69 83 2 18 72 87 44 33 30 58 69 0 83 7 90 31 32 19 61 58 22 75 89 61 85 43 36 29 46 12 
37 67 55 16 41 58 51 48 7 70 64 66 39 39 40 8 81 2 8 85 59 94 59 75 68 57 46 49 45 18 78 61 39 86 78 92 15 70 23 69 43 72 26 31 22 11 12 51 17 44 32 94 35 31 20 31 74 22 5 59 3 64 1 20 32 17 77 87 55 13 68 30 30 62 33 18 21 30 92 85 48 45 64 54 25 55 3 83 76 64 22 87 66 56 3 14 3 82 37 42 
66 4 62 99 66 5 55 85 13 93 99 40 36 0 76 73 35 42 31 55 35 2 70 44 25 42 37 45 91 14 52 27 21 50 78 20 1 5 67 62 42 63 49 29 3 46 89 55 4 97 53 51 24 61 28 6 46 25 14 2 29 52 96 52 25 48 11 89 39 41 57 39 88 86 83 17 51 91 62 40 43 12 15 59 46 40 61 49 23 34 42 90 97 76 21 83 61 53 58 86 
74 33 94 42 35 70 8 78 73 86 4 64 65 38 27 80 48 12 40 45 29 88 58 60 95 76 53 94 44 78 5 4 80 7 52 61 2 80 56 42 80 55 66 63 22 47 25 64 1 25 81 71 68 28 89 47 46 10 70 84 57 59 2 17 23 64 94 86 83 4 20 84 38 32 12 5 34 41 35 48 30 98 80 29 48 89 27 33 24 14 23 89 57 55 61 87 17 79 81 72 
0 53 91 60 61 86 82 59 88 6 19 81 43 59 78 24 12 28 61 53 55 65 9 76 68 18 52 84 35 33 63 7 18 96 17 45 90 31 97 23 14 22 97 94 72 14 94 29 77 61 69 87 56 79 71 43 18 58 13 66 96 17 95 75 36 28 47 29 13 55 20 62 6 26 15 66 65 36 88 10 27 23 30 98 90 47 61 89 70 68 4 40 14 25 82 96 92 98 83 15 
42 86 95 41 97 45 19 63 25 76 5 37 82 47 13 68 47 65 11 78 94 11 47 89 83 29 35 22 56 82 64 27 72 23 43 23 23 65 44 28 41 91 28 8 34 16 16 56 66 75 98 38 92 28 96 87 84 75 46 1 37 43 83 97 88 42 27 3 87 59 23 56 89 80 89 25 43 43 34 74 74 86 9 98 37 94 98 17 89 76 19 81 15 37 66 13 59 60 59 43 
3 61 51 57 65 81 97 19 4 95 24 83 16 53 45 84 9 67 26 15 18 31 35 46 70 13 32 7 74 1 28 2 77 95 16 90 85 6 39 85 18 97 64 21 92 2 49 57 84 99 51 29 78 1 21 9 90 39 29 32 76 60 65 71 26 40 35 63 80 76 79 89 57 64 4 81 53 33 9 41 81 68 69 27 67 97 13 12 58 10 66 50 60 10 50 44 70 1 18 32 
75 19 62 90 57 37 48 3 41 23 25 61 85 71 72 21 31 65 28 4 3 11 78 42 9 30 3 44 61 6 8 70 79 34 74 84 98 12 30 44 46 88 78 39 20 2 49 75 39 57 25 26 85 17 98 41 92 37 61 59 22 42 70 31 81 98 86 31 55 76 80 38 13 47 55 65 78 5 15 37 79 6 44 88 32 61 52 89 29 27 35 77 50 17 2 52 68 26 3 55 
46 42 54 75 42 1 92 58 87 88 47 0 22 80 34 32 16 67 94 16 64 63 50 86 41 33 95 85 71 75 83 80 89 77 38 21 49 17 70 73 79 78 47 74 66 54 58 65 68 82 75 65 89 57 72 39 63 11 65 67 77 41 61 98 40 42 46 98 73 76 43 28 57 27 85 52 21 49 20 58 34 79 40 95 87 54 52 86 84 70 29 80 59 63 81 30 57 53 54 69 
72 29 18 74 58 48 21 43 24 52 41 17 20 49 92 80 92 46 43 12 12 47 94 90 13 17 68 62 67 17 28 18 56 69 4 95 58 41 9 37 59 32 80 81 7 17 31 11 90 60 51 34 54 5 96 47 83 25 57 51 69 66 2 76 22 28 63 6 33 29 3 40 66 92 13 18 10 54 90 28 22 1 23 66 27 62 68 13 37 76 92 14 64 53 67 25 22 81 98 89 
66 29 47 75 72 13 92 64 83 65 88 51 83 12 83 22 43 98 69 3 58 9 66 69 24 94 80 92 91 41 90 23 7 12 79 45 23 83 14 19 48 5 45 52 19 46 72 16 90 14 87 76 23 25 14 34 21 24 20 57 87 99 98 57 10 43 37 36 17 29 86 83 99 91 73 83 28 95 37 26 24 2 70 46 20 11 52 92 98 36 99 48 52 48 94 33 64 9 16 19 
7 20 97 88 93 27 81 12 99 90 38 30 0 77 63 72 97 85 37 22 5 81 21 6 83 59 94 28 65 55 77 42 64 63 78 67 33 12 36 23 4 40 79 38 51 12 38 62 86 79 8 74 56 36 87 57 28 9 59 86 40 49 35 73 82 43 69 14 86 63 39 84 3 56 45 93 5 38 61 8 38 94 77 59 72 65 92 42 59 49 60 84 59 82 74 28 71 83 26 26 
23 27 12 75 40 95 96 35 98 44 94 82 90 10 41 57 9 91 24 17 95 4 81 24 56 39 34 71 29 80 82 64 86 37 77 97 46 84 6 72 34 74 60 8 3 42 34 44 58 94 36 55 13 6 19 51 36 27 88 50 74 6 12 22 17 20 50 92 10 60 57 8 88 63 11 22 50 51 11 32 53 79 39 42 41 94 45 34 43 43 67 26 10 8 40 26 32 25 37 26 
68 98 80 83 38 3 60 81 66 0 93 93 20 42 41 84 63 81 43 80 89 74 64 77 63 2 67 66 81 92 80 73 12 83 16 33 62 15 46 51 34 66 58 3 0 98 43 31 43 90 46 88 89 69 1 64 7 18 68 68 51 52 43 31 54 7 47 62 45 3 74 17 57 93 21 70 61 60 76 53 73 46 25 64 29 27 60 64 8 53 35 19 33 25 20 39 57 33 39 70 
6 66 70 16 92 68 10 31 79 60 64 65 56 20 68 7 63 45 21 99 16 86 0 43 52 92 1 88 6 2 0 26 71 61 64 94 83 87 34 24 33 89 28 67 57 21 4 85 16 39 54 47 0 62 12 59 72 21 69 56 5 57 48 28 62 0 40 17 26 88 76 54 5 27 15 38 88 65 75 29 16 16 61 26 83 40 95 53 25 39 5 94 78 55 49 42 13 18 80 0 
5 44 32 22 9 47 1 80 17 75 68 5 26 9 5 46 75 82 47 80 14 63 12 10 69 55 79 98 54 11 26 38 87 6 79 62 70 45 90 68 96 84 48 76 16 9 75 26 6 56 86 20 44 1 26 56 42 58 56 26 53 96 17 77 29 99 68 76 75 40 47 34 0 95 93 39 88 93 90 33 89 44 35 94 60 84 11 36 44 8 82 56 52 17 86 12 75 86 63 62 
22 77 35 18 86 89 22 20 83 1 62 89 64 27 98 80 72 68 92 2 80 20 33 82 89 37 92 51 85 41 41 54 37 23 7 16 38 85 67 48 45 92 68 29 83 99 88 27 60 67 52 86 6 50 95 95 14 13 91 54 75 76 21 47 90 3 46 37 52 76 41 15 85 18 75 33 21 28 0 83 78 50 8 41 98 64 38 91 37 28 99 29 80 76 35 37 15 33 64 3 
48 98 31 46 89 56 15 69 8 86 71 93 80 79 67 97 51 63 37 57 11 83 97 32 53 37 92 88 52 52 33 87 97 90 6 99 75 6 80 17 90 20 15 67 92 6 33 67 15 62 17 87 91 10 88 35 7 94 83 24 11 56 22 46 61 68 76 63 0 23 59 9 4 18 94 82 72 39 38 84 24 79 77 36 35 92 77 94 63 20 4 41 39 34 26 82 82 57 31 95 
88 24 99 22 70 77 80 51 85 45 75 58 67 74 97 24 69 73 23 45 8 98 35 63 15 66 69 53 93 53 75 14 3 12 76 18 27 33 23 45 98 12 31 51 52 48 33 72 90 86 18 9 5 85 65 82 28 83 4 89 77 91 82 39 8 84 63 74 5 61 17 71 17 89 90 5 6 41 22 34 66 23 82 84 9 45 93 54 30 82 10 12 76 52 82 92 41 92 59 51 
82 14 1 3 12 48 28 14 47 68 43 59 1 31 28 55 29 81 67 67 48 11 27 21 76 88 74 56 72 79 93 55 59 47 96 80 96 16 54 53 73 85 21 99 66 83 31 91 21 5 8 10 44 77 28 63 58 90 7 47 10 13 19 44 24 61 29 38 13 14 32 78 37 90 58 71 39 75 95 39 69 39 19 37 48 44 75 40 18 90 72 81 99 20 55 24 81 95 72 81 
47 17 92 28 83 16 36 57 66 93 17 26 37 4 13 66 61 69 63 31 40 97 5 5 18 13 80 85 57 62 82 77 17 94 56 25 35 78 15 3 28 16 24 70 44 71 12 47 87 64 77 64 28 27 22 70 89 35 35 30 66 82 85 94 13 68 43 8 40 58 97 55 45 10 4 98 63 77 90 34 34 64 35 51 37 99 16 17 94 11 87 11 38 82 92 64 25 88 66 93 
0 48 32 95 40 36 5 85 86 41 90 73 46 66 44 88 13 10 26 27 94 32 0 31 94 99 20 87 50 94 99 53 65 49 80 97 71 41 72 61 61 49 41 14 2 17 13 15 82 63 65 76 81 8 67 8 37 40 71 27 52 13 13 66 44 1 11 39 32 66 76 1 84 97 78 4 19 62 72 61 60 35 63 8 18 7 71 9 29 90 84 81 66 2 69 37 61 15 11 32 
88 6 86 61 6 22 17 23 85 33 51 96 53 10 91 64 39 91 28 82 44 4 15 43 66 36 29 78 95 84 7 80 75 86 61 81 0 36 51 14 88 17 6 45 48 47 66 18 46 5 46 59 84 15 97 10 22 52 44 90 79 31 72 27 65 81 93 54 91 54 51 23 20 30 20 49 20 42 18 43 44 59 30 53 31 59 5 75 15 73 62 83 66 29 21 9 61 96 98 46 
88 37 1 93 12 10 41 58 98 73 50 12 45 17 11 26 89 83 63 96 25 52 96 87 58 54 86 66 12 23 57 46 58 16 93 33 29 82 73 78 98 81 50 28 93 35 17 23 84 71 4 99 67 93 81 80 16 89 39 2 63 45 9 90 16 32 36 49 39 1 20 27 52 25 46 94 35 24 69 72 58 52 71 75 99 27 17 56 83 90 65 85 64 3 90 31 1 65 13 82 
82 8 79 75 83 63 79 80 93 20 50 82 77 94 56 43 7 10 33 89 25 26 63 84 67 28 33 67 34 2 17 4 98 38 10 37 33 31 37 53 53 16 36 43 23 69 60 97 52 20 84 5 24 65 5 33 66 45 61 84 27 71 90 87 67 81 95 44 28 6 14 13 40 32 36 97 65 27 93 20 98 26 18 11 85 90 80 97 83 29 26 76 44 42 18 0 0 17 52 14 
81 3 20 60 13 7 49 35 94 23 82 0 45 55 83 63 0 86 83 45 83 21 13 93 65 24 29 45 86 19 88 10 27 16 74 90 42 74 71 92 52 55 60 89 92 57 20 33 45 49 90 3 98 13 61 66 61 0 97 92 9 51 76 44 88 38 77 3 89 88 59 58 69 59 77 71 17 8 60 73 15 78 58 37 32 56 10 70 89 95 44 7 29 64 47 44 35 43 4 59 
28 30 64 36 94 81 88 62 90 37 4 87 63 81 50 73 21 27 93 35 89 40 66 56 37 35 61 54 27 11 7 54 97 71 66 10 63 2 66 78 60 36 39 95 90 11 10 77 8 89 69 4 25 41 37 70 99 67 6 2 45 62 22 48 40 72 6 15 64 52 21 99 7 84 85 61 86 24 59 4 38 35 94 69 45 42 79 13 13 49 35 61 89 87 58 33 71 85 22 1 
4 63 51 74 82 49 90 37 91 15 32 50 59 76 84 70 16 32 91 48 16 33 55 89 10 22 38 38 41 17 77 67 81 75 92 13 43 29 31 56 39 89 5 2 91 85 20 99 27 3 50 5 16 90 43 27 14 8 94 49 33 37 96 62 41 67 58 30 44 73 43 96 8 93 35 54 86 57 5 60 55 58 75 43 20 16 97 64 27 61 75 24 4 68 33 48 85 63 43 31 
14 24 90 23 35 12 88 61 36 77 76 9 57 38 66 22 42 69 47 2 26 4 0 53 82 91 39 38 69 24 55 30 85 48 1 79 76 5 79 43 0 89 95 83 84 58 3 34 96 90 85 63 11 34 5 22 27 9 54 92 32 86 8 65 88 1 63 30 3 73 29 57 11 92 53 32 35 75 39 71 35 82 61 81 66 86 71 17 38 55 19 23 36 60 64 78 97 32 92 82 
48 24 76 85 1 11 67 93 29 21 77 22 15 39 89 42 62 41 53 92 84 44 65 89 59 63 31 8 14 13 65 29 54 73 31 80 6 93 55 51 43 63 62 9 28 77 76 12 25 82 55 98 38 57 20 64 70 18 23 26 20 3 21 46 27 41 86 26 1 47 88 68 1 17 48 21 65 69 95 9 97 38 26 51 38 26 9 6 89 26 74 70 27 91 28 56 17 59 78 8 
96 64 70 98 83 33 73 43 96 14 9 28 75 73 20 99 96 42 79 89 88 58 87 11 83 84 15 65 33 64 22 4 1 1 34 0 57 36 17 29 51 34 42 53 79 94 12 26 30 22 78 67 26 27 51 49 8 19 36 96 66 99 74 32 1 2 38 89 74 29 2 97 71 74 19 76 8 49 79 76 86 37 47 78 17 89 61 52 25 52 46 85 34 17 75 2 80 34 73 95 
7 17 66 29 59 4 50 45 24 96 19 97 21 84 85 41 59 3 93 20 91 98 22 84 67 42 72 28 61 21 16 93 48 51 89 43 29 20 50 52 65 93 99 33 24 19 24 92 73 38 99 86 70 97 74 29 86 41 25 21 70 81 49 79 77 17 29 86 27 70 88 41 64 12 3 60 88 17 21 15 26 69 44 12 94 10 69 5 63 19 39 56 1 19 43 25 26 11 92 73 
3 64 66 4 69 98 92 90 12 14 62 10 16 13 71 31 94 61 71 10 58 59 65 43 19 2 63 91 10 38 57 82 43 33 11 50 84 98 5 32 26 71 30 93 17 61 68 3 48 25 41 93 15 13 63 25 92 80 40 17 38 74 21 60 3 35 11 65 28 41 59 56 36 68 30 28 63 42 0 57 90 3 30 86 1 79 73 6 23 1 94 91 67 38 19 83 9 83 87 90 
46 91 48 72 12 48 4 95 4 96 78 19 37 22 55 2 1 91 12 26 90 66 45 53 38 87 35 27 91 80 82 14 98 87 46 50 31 8 79 90 76 34 90 51 65 99 58 35 87 93 43 57 99 3 38 87 86 88 61 36 15 22 72 71 0 42 73 96 72 35 19 25 5 76 37 8 62 6 77 31 83 34 7 35 35 27 16 66 94 46 74 82 15 95 90 15 20 11 87 76 
49 10 77 61 1 15 30 81 11 6 79 17 69 74 87 64 78 47 11 4 97 77 21 73 64 41 35 13 14 23 34 64 16 1 4 72 30 51 25 60 37 24 25 68 72 76 15 13 84 26 56 70 88 0 67 82 69 92 63 16 53 77 97 59 26 35 76 84 38 27 23 68 68 35 2 42 13 13 31 80 41 21 10 49 75 43 82 79 76 73 63 90 66 18 73 93 71 64 34 71 
30 24 71 57 32 76 62 46 96 64 88 66 8 79 57 36 22 75 52 33 99 0 14 82 1 62 73 34 79 62 77 23 29 66 25 47 29 74 18 36 77 50 53 4 50 1 14 46 13 8 9 49 23 44 60 24 58 0 81 78 82 26 69 11 13 80 53 58 63 14 41 84 68 98 98 56 99 83 24 77 15 57 91 93 68 33 37 60 57 29 29 89 79 15 99 54 8 38 72 38 
37 35 99 10 97 77 80 20 23 76 55 40 85 79 20 67 26 21 78 54 5 20 62 31 75 75 86 26 99 17 5 39 60 70 24 18 47 63 30 90 62 20 44 26 99 74 60 70 89 85 78 14 27 54 67 64 10 74 42 10 54 37 21 77 80 75 73 24 55 3 24 28 55 85 82 17 85 45 17 97 88 28 58 36 71 50 9 16 28 9 44 74 61 89 2 64 77 29 97 64 
45 21 19 29 51 56 57 68 27 72 81 50 56 72 32 92 69 1 98 47 41 31 58 34 64 74 42 16 3 37 45 54 25 14 45 81 30 84 21 55 56 8 83 56 29 1 15 43 41 75 93 14 0 18 18 22 54 64 77 78 45 90 91 27 90 90 17 80 76 39 19 34 97 49 32 11 15 20 12 59 90 47 91 75 91 99 84 54 16 74 90 60 28 77 73 61 58 57 88 45 
77 81 58 46 91 94 51 75 90 61 57 97 78 65 38 88 68 69 39 26 50 92 41 40 48 37 23 89 95 1 60 34 24 31 71 9 63 52 4 8 97 11 45 94 15 86 25 71 60 37 35 50 76 47 2 92 33 39 99 88 58 85 80 71 11 65 20 96 64 6 71 2 21 47 0 4 66 42 52 82 94 46 80 23 70 75 58 94 19 71 91 20 87 39 37 6 36 50 31 23 
93 45 41 49 46 72 43 97 14 0 31 39 36 90 47 19 91 51 67 84 41 48 15 95 77 39 65 92 64 42 56 63 37 1 45 37 28 79 85 56 69 73 23 28 20 21 35 31 52 96 40 36 41 74 13 72 10 35 46 49 66 59 41 62 69 9 32 22 91 51 2 80 49 81 28 68 19 84 4 4 89 65 90 89 61 78 59 26 20 12 72 93 16 3 28 90 17 49 56 61 
98 61 30 87 3 15 92 7 41 79 47 24 54 91 83 11 82 80 20 47 60 37 10 9 56 6 89 25 93 6 55 4 47 9 34 8 91 7 77 29 30 29 11 1 19 13 58 74 51 24 25 74 38 43 76 75 0 53 86 33 65 40 73 73 36 82 5 91 1 34 50 14 34 87 76 22 11 44 68 46 90 40 97 95 14 45 62 9 61 23 81 61 16 18 0 50 6 60 0 96 
33 8 28 10 68 88 15 90 44 72 76 95 85 23 20 82 67 25 73 89 94 49 94 68 55 13 42 21 29 13 66 71 78 52 69 29 57 65 99 59 80 24 58 85 65 87 74 87 67 43 24 93 54 59 39 36 6 9 79 0 16 66 47 8 46 95 12 15 21 37 20 32 76 69 98 84 90 4 68 10 64 64 7 68 32 32 30 88 81 57 1 37 81 6 47 83 67 72 6 48 
56 49 74 93 99 82 65 56 92 72 69 71 31 28 62 21 58 77 70 0 80 89 82 79 6 7 67 24 21 96 45 68 58 37 10 74 79 12 30 98 39 8 10 3 28 50 38 62 62 57 60 64 86 10 33 38 12 1 70 36 82 83 68 52 58 24 79 91 90 18 85 4 70 58 81 20 66 51 30 66 45 93 95 20 73 60 83 26 55 45 77 9 69 24 91 38 62 31 22 76 
34 29 59 3 58 26 5 87 79 58 79 41 46 97 31 56 63 26 71 55 26 19 70 16 89 51 11 36 40 61 42 9 93 16 99 24 15 68 27 17 85 76 32 23 39 72 52 44 1 1 77 33 91 26 67 78 75 38 67 16 68 79 71 18 3 29 57 21 21 67 25 4 89 13 21 20 34 42 39 73 18 80 97 68 12 63 4 97 39 98 43 16 60 76 69 84 26 81 2 24 
28 31 38 62 15 20 86 0 12 61 99 41 0 40 72 4 94 81 51 27 17 86 36 70 31 61 93 97 36 2 77 56 55 57 30 49 42 21 44 67 57 66 0 37 81 93 49 45 41 89 6 35 28 27 21 52 64 5 90 35 31 60 74 37 92 33 29 75 68 49 94 90 21 92 7 26 54 94 25 31 61 86 92 4 50 60 14 93 84 70 72 56 61 62 26 22 33 70 92 99 
43 8 9 67 95 24 11 58 27 3 75 67 65 65 30 68 73 59 15 93 79 69 80 34 95 57 12 69 7 5 3 93 72 77 75 99 5 13 32 31 64 57 47 55 34 74 35 74 82 40 65 52 13 80 45 91 56 1 56 61 13 65 72 13 11 13 58 87 81 25 19 60 81 32 41 32 89 84 47 86 73 28 20 34 82 35 31 1 22 89 94 50 89 99 41 30 72 40 34 57 
20 88 79 40 13 11 30 67 48 56 7 84 69 55 6 3 21 57 63 83 55 25 7 88 5 50 9 34 82 60 21 43 94 55 20 85 85 19 33 91 67 45 77 96 44 24 5 23 99 23 56 72 36 22 18 91 38 15 41 93 94 84 53 71 6 34 39 54 37 88 14 71 44 28 88 66 88 16 68 86 24 41 26 58 69 32 32 75 32 18 27 57 77 58 74 71 34 24 62 23 
33 21 49 73 5 72 57 86 50 83 95 88 8 70 45 4 42 78 64 89 71 70 22 95 53 75 38 34 52 14 48 20 53 98 59 60 51 2 38 32 94 51 31 53 95 94 18 62 63 61 38 75 71 76 3 91 30 98 79 20 13 19 78 17 0 8 76 27 54 1 74 28 39 23 63 10 68 58 76 32 27 89 26 50 87 31 80 9 74 64 40 21 65 44 30 6 96 75 42 4 
18 42 5 15 27 5 28 13 48 94 12 26 83 40 77 91 12 52 92 30 31 52 78 93 32 49 79 91 15 2 79 86 87 89 32 47 48 14 68 20 91 25 77 76 31 5 18 72 38 14 67 84 2 15 28 24 1 21 58 60 50 98 86 65 72 61 50 62 79 73 41 17 89 0 87 95 59 78 21 39 97 50 2 17 80 12 2 38 69 68 97 85 48 10 8 33 91 71 83 46 
88 79 14 62 70 22 54 41 75 64 71 66 89 20 16 23 34 12 88 87 32 59 86 51 47 63 67 15 26 86 16 37 91 67 68 5 34 56 15 95 38 2 27 59 85 67 25 12 63 87 91 23 90 18 13 92 65 53 65 65 2 35 32 17 59 18 26 0 48 54 37 14 29 81 29 25 91 31 74 11 13 20 90 66 15 92 88 93 75 19 46 8 42 33 35 88 18 15 56 66 
85 91 12 40 16 88 29 36 17 74 2 59 86 32 9 1 11 54 89 87 37 37 1 64 76 53 98 65 78 19 43 83 53 3 33 99 51 24 56 27 76 49 9 82 68 54 53 74 89 0 20 21 99 60 30 54 66 63 84 12 36 62 74 3 64 48 15 93 42 28 17 72 84 99 91 19 0 23 33 70 94 49 75 26 93 16 13 96 49 14 85 45 76 19 21 38 29 7 70 48 
12 45 65 2 60 58 37 90 41 82 46 2 10 13 84 16 38 4 43 76 61 87 57 24 33 70 32 4 2 87 7 99 11 99 63 53 61 82 98 99 41 16 58 48 89 93 66 86 7 97 55 8 10 53 81 29 1 5 68 13 69 18 93 34 1 81 87 26 80 88 23 34 30 85 87 90 19 81 6 79 92 79 97 46 71 37 68 88 86 17 32 9 87 20 24 20 3 60 21 51 
75 16 51 95 29 20 92 71 91 60 79 57 73 69 25 69 94 58 23 9 53 45 9 36 16 70 24 43 88 79 66 93 14 61 18 34 78 61 46 34 2 3 57 27 14 31 48 56 61 25 45 84 18 31 89 39 20 40 82 34 82 55 29 16 99 75 20 83 69 58 32 21 84 73 9 13 66 2 10 57 25 1 30 21 49 27 46 24 98 85 77 45 63 43 99 49 32 72 86 59 
82 28 10 7 37 91 93 91 35 26 73 47 42 79 66 77 1 58 32 32 19 89 86 72 29 8 74 18 91 86 67 24 80 70 21 32 65 37 4 81 79 54 7 6 72 71 38 90 51 56 74 36 91 62 44 96 98 89 32 53 18 9 11 60 16 86 47 36 43 46 87 56 43 11 63 42 42 80 93 82 28 92 11 42 22 65 51 11 6 32 29 44 93 90 63 93 30 16 87 23 
49 10 60 34 22 28 2 63 21 3 3 55 45 15 30 88 24 89 67 30 47 54 63 85 2 68 26 37 78 13 10 97 61 46 94 52 2 14 62 13 9 91 5 63 5 12 92 77 12 44 81 13 95 49 80 30 32 44 0 18 40 69 6 26 32 30 25 63 53 81 62 97 78 53 94 4 95 44 39 8 72 66 40 37 16 21 3 37 70 70 14 78 11 47 2 15 14 93 18 65 
32 84 27 85 4 56 30 32 22 46 23 87 26 84 92 24 24 73 33 61 13 25 55 76 12 51 74 94 30 56 64 44 15 51 35 18 30 25 65 78 15 27 6 45 63 14 74 52 92 90 17 90 21 46 39 83 12 99 75 32 73 98 51 94 34 51 1 33 74 40 80 90 54 39 66 14 47 31 53 8 7 28 43 8 30 92 15 25 0 41 68 26 8 92 92 33 69 60 57 96 
82 40 19 32 7 37 90 26 41 68 93 63 15 82 16 3 71 80 53 5 23 5 97 74 97 30 30 56 91 29 76 77 79 54 52 16 26 86 7 45 79 80 83 7 10 56 46 23 22 86 24 11 76 92 83 6 44 63 69 6 21 15 45 10 21 69 77 38 50 57 95 67 99 80 42 75 73 63 96 20 89 73 21 79 74 45 89 85 23 0 77 81 71 82 60 61 67 94 89 74 
8 31 9 52 74 39 82 87 76 19 99 42 17 65 38 93 22 14 27 2 40 8 79 56 1 69 66 60 82 32 8 52 12 27 46 28 80 86 79 74 39 83 5 37 21 7 58 22 8 20 54 55 9 8 99 55 27 88 13 5 67 8 19 12 94 38 20 56 32 5 2 22 38 24 5 86 55 71 65 48 76 29 65 99 76 15 19 22 48 28 36 27 56 69 1 14 74 31 18 26 
80 71 82 30 0 13 71 31 37 84 32 36 21 45 8 94 94 2 85 77 90 81 44 54 58 57 91 63 23 83 72 95 74 85 12 47 74 99 52 21 61 63 30 3 93 79 71 96 82 60 36 28 91 82 91 78 12 33 91 13 3 74 63 88 39 38 79 99 28 70 43 97 53 19 91 75 58 52 23 61 66 78 40 63 80 40 76 27 0 19 63 37 88 95 14 91 35 43 63 35 
82 53 12 69 10 49 8 33 73 24 75 45 40 32 26 51 4 2 80 93 4 27 99 88 79 43 25 94 22 39 76 15 12 53 80 79 67 13 36 38 46 26 52 32 33 21 53 46 97 93 21 0 9 60 49 69 59 53 45 16 99 87 23 52 9 13 74 34 94 90 23 33 4 66 21 78 13 70 6 81 13 45 70 72 3 75 95 95 2 6 61 8 36 43 3 68 22 82 98 5 
97 17 14 77 97 30 30 99 84 94 63 9 25 25 36 98 45 24 77 4 62 86 77 24 3 14 76 9 51 87 73 66 21 57 16 80 23 67 35 48 85 98 2 60 61 13 45 64 97 46 65 75 21 52 41 11 9 68 67 61 16 25 25 20 10 31 93 97 39 79 41 39 26 45 27 52 33 62 96 91 89 41 25 8 73 36 78 53 98 30 59 34 89 35 33 3 16 78 10 0 
17 66 95 21 53 88 32 79 9 64 5 32 22 62 48 14 34 15 91 98 17 84 64 14 97 98 10 51 22 3 90 13 17 76 89 43 47 39 15 23 72 86 61 5 68 89 23 59 78 69 29 26 20 33 55 39 86 34 90 64 54 61 49 4 86 56 96 15 96 97 59 47 63 37 35 60 67 93 65 54 59 17 51 17 89 10 34 64 22 70 12 42 34 69 67 93 58 66 95 19 
87 23 17 59 74 97 39 80 31 67 82 92 87 92 61 47 53 67 0 89 22 43 33 17 59 31 21 84 19 7 14 98 14 32 64 87 17 53 2 12 3 94 82 83 92 61 43 28 68 15 74 66 93 60 47 22 61 78 78 25 42 19 26 96 3 97 72 39 92 37 91 6 36 51 30 52 90 69 90 5 33 90 10 27 61 6 32 51 39 31 3 84 51 13 46 20 87 49 9 7 
82 18 22 5 82 70 89 39 51 68 41 48 14 17 91 56 36 68 44 33 3 65 86 10 61 14 2 80 34 41 4 31 61 40 55 57 65 6 47 37 62 13 80 2 13 80 90 49 16 47 77 33 23 17 49 65 70 81 66 15 48 20 44 99 83 86 95 70 77 39 89 48 66 4 36 72 3 86 45 54 87 46 13 73 44 78 76 30 28 51 91 97 36 87 50 83 29 17 25 56 
13 10 94 61 92 82 48 96 60 32 55 67 17 10 40 83 14 33 5 2 44 68 4 66 76 70 65 71 94 64 74 23 6 43 2 13 20 27 0 80 64 73 13 32 0 27 88 85 16 86 78 91 6 15 14 58 82 84 65 32 32 68 45 11 93 93 50 23 54 58 89 59 94 22 9 10 78 56 71 5 40 36 27 91 25 48 3 10 71 38 86 48 45 9 58 60 43 1 33 58 
13 4 90 68 40 83 90 43 17 98 81 30 72 71 10 77 3 0 6 88 94 63 57 56 22 6 5 10 67 35 43 36 39 1 55 9 52 47 0 25 63 60 80 83 41 36 53 73 54 79 92 61 45 80 37 5 75 55 63 66 8 18 33 88 26 24 13 49 23 99 16 26 89 91 18 86 43 67 71 54 83 28 19 62 46 4 46 26 32 25 15 30 81 30 18 97 55 89 75 88 
48 46 1 4 50 15 18 22 10 24 45 42 46 68 14 89 30 36 33 66 45 28 57 72 3 12 74 93 26 21 93 54 25 56 51 65 24 27 17 47 45 57 46 76 23 26 89 39 61 40 73 55 13 43 66 26 30 60 5 55 58 52 99 15 88 51 59 63 5 63 26 41 22 9 42 76 73 39 97 77 75 31 38 72 29 31 25 26 18 25 76 11 93 17 2 63 7 9 7 33 
10 36 37 56 47 10 29 78 17 47 37 30 12 17 92 44 1 56 34 38 94 20 14 73 89 33 57 62 56 2 78 95 7 98 54 9 33 16 68 66 56 1 85 25 11 68 32 81 89 89 34 60 88 76 76 34 27 15 65 4 12 91 77 17 52 40 26 78 96 41 42 44 12 90 29 24 54 69 77 42 45 42 44 91 2 54 77 68 39 60 0 18 54 96 42 47 21 63 12 12 
87 86 32 25 61 77 38 18 19 39 80 35 0 4 32 91 69 70 61 32 44 68 52 26 0 24 36 85 5 6 80 55 28 49 80 43 33 67 56 99 26 44 84 84 80 67 38 24 65 95 68 34 48 14 57 21 68 75 20 47 89 50 83 20 41 46 25 11 10 7 69 23 29 16 29 93 55 34 87 50 65 93 67 95 9 47 25 24 47 7 44 61 41 19 80 81 91 53 28 94 
94 14 15 14 87 72 15 51 90 78 10 61 15 85 85 53 72 54 78 25 65 33 94 39 13 4 75 84 38 37 87 2 7 83 37 24 91 24 75 28 28 82 52 17 29 51 14 30 37 35 20 46 50 28 46 46 81 78 21 36 86 86 53 65 89 79 28 77 6 35 96 9 75 71 68 42 28 90 7 24 88 60 61 70 65 50 71 56 72 16 9 76 2 17 42 57 2 46 54 89 
