27 60 86 84 49 11 84 69 71 84 36 18 0 48 93 51 17 3 83 24 9 8 72 24 15 95 73 91 16 86 12 31 54 63 61 83 41 45 87 60 19 93 53 63 81 92 72 11 68 6 42 71 25 76 7 47 45 36 43 67 44 49 56 27 80 15 58 29 56 92 92 56 29 97 25 3 13 2 3 98 34 72 50 74 61 4 84 18 16 28 84 21 81 1 61 31 28 69 0 76 
39 48 4 94 80 18 72 33 90 51 87 11 39 53 16 6 85 73 80 59 24 68 44 25 96 89 77 41 92 40 39 18 54 48 10 44 15 4 75 69 93 59 30 52 79 58 71 58 21 7 55 21 37 55 35 2 81 98 71 22 66 98 60 5 48 1 38 44 23 96 78 43 22 81 87 52 50 19 11 65 77 69 75 92 22 3 66 26 12 91 84 7 19 67 70 0 59 90 65 92 
24 54 15 31 64 13 55 39 19 23 61 17 16 95 22 20 53 20 5 48 84 2 69 91 51 36 41 46 41 8 74 90 6 65 88 65 93 65 44 77 59 51 4 17 55 30 87 57 72 71 46 72 51 39 95 1 1 45 37 73 39 18 97 4 32 74 56 53 99 10 9 95 74 43 56 17 62 94 74 84 24 48 15 51 47 19 2 35 79 93 55 56 13 93 11 0 32 80 7 55 
99 7 82 19 44 90 89 17 93 10 96 83 57 26 31 83 93 66 80 84 95 37 83 55 78 45 35 73 72 44 26 15 57 46 8 42 13 44 40 1 55 79 48 31 22 45 74 85 69 75 95 39 98 24 35 10 72 93 1 87 21 46 24 21 25 63 42 56 32 82 8 69 78 8 99 44 9 67 21 57 66 19 58 94 72 59 93 45 13 34 18 38 87 93 6 82 42 31 85 18 
86 72 18 33 76 78 31 99 8 41 7 80 38 9 94 4 41 70 28 64 10 99 9 18 77 81 6 84 1 34 47 18 99 69 88 25 82 77 74 6 80 10 64 16 15 98 66 93 24 8 8 59 59 65 6 55 41 0 54 1 15 27 86 78 63 54 37 57 20 0 64 7 89 8 21 79 90 14 90 81 86 17 62 63 72 47 53 41 57 91 42 51 45 7 70 52 74 66 6 57 
61 83 19 77 2 23 29 27 35 88 22 56 55 66 49 30 84 70 7 32 78 61 52 4 46 45 77 94 64 66 1 70 67 4 65 23 57 36 72 74 45 28 31 39 67 43 22 29 49 61 35 20 28 31 34 10 89 86 1 55 0 10 21 86 52 12 45 19 92 55 63 42 2 83 28 44 90 31 91 77 73 61 81 93 63 56 96 71 29 81 41 87 55 5 94 15 49 66 8 36 
52 39 5 9 72 77 42 24 32 35 66 4 17 14 70 40 78 6 4 2 79 23 46 6 37 52 77 15 78 32 17 10 17 41 66 30 12 37 39 96 0 19 87 96 61 3 69 79 7 81 60 67 3 80 7 27 90 78 85 24 47 14 12 13 35 4 43 45 26 68 1 74 43 34 48 80 36 25 59 63 80 2 55 14 17 23 96 68 61 95 66 64 11 93 14 45 94 29 55 42 
10 14 88 8 41 92 43 71 96 43 30 45 38 49 10 39 93 69 25 72 36 13 25 73 87 89 49 74 13 76 58 25 75 25 70 40 50 94 27 31 47 34 20 8 20 57 40 86 18 5 91 56 1 94 64 38 40 97 64 0 21 56 28 46 90 96 29 52 22 0 49 3 82 45 40 99 4 55 89 51 37 28 61 26 13 22 82 27 19 17 76 55 78 77 10 9 40 57 93 86 
16 25 20 15 45 97 19 36 68 27 29 42 46 73 20 63 0 46 68 24 67 95 83 71 16 68 3 62 99 49 64 88 61 42 44 75 36 22 92 98 66 79 93 51 61 17 95 43 90 66 8 29 7 76 60 76 70 85 72 5 23 19 96 33 57 14 89 7 38 87 7 64 48 46 44 86 18 79 58 7 50 41 17 58 50 55 63 35 78 3 43 23 94 56 80 61 36 30 16 51 
24 37 93 48 2 18 2 4 72 17 93 61 17 19 4 43 29 26 25 74 82 91 70 10 10 87 57 80 70 70 48 31 18 91 53 93 26 40 52 75 33 28 61 46 31 78 39 96 60 61 89 87 91 40 1 15 24 49 46 62 66 33 38 83 32 6 3 75 78 83 9 88 95 86 69 3 32 79 21 13 83 73 75 0 89 3 78 99 72 17 39 11 70 79 97 95 62 81 3 2 
60 75 77 48 39 39 69 99 68 13 11 7 86 82 20 71 56 84 7 41 82 44 12 31 60 61 33 36 28 57 62 51 38 70 93 38 0 38 90 5 86 22 95 36 48 47 99 91 15 46 20 32 62 86 50 26 21 51 14 24 97 13 95 92 85 42 88 61 68 48 38 91 72 78 92 77 66 69 36 15 87 14 11 18 79 74 16 96 73 48 5 61 94 70 31 98 8 59 50 99 
81 69 68 24 80 6 10 55 57 23 0 33 68 31 70 54 83 81 86 78 71 41 65 61 63 92 44 9 89 78 4 87 36 44 9 4 3 94 58 12 54 90 69 64 54 66 80 47 44 54 45 34 76 10 78 90 0 46 84 26 6 46 93 37 45 21 3 30 1 45 35 2 52 93 34 28 9 46 54 55 87 46 24 66 85 21 61 94 20 9 51 19 44 37 29 80 76 93 5 0 
37 96 37 32 26 61 96 45 37 56 31 49 87 16 99 68 96 41 57 39 29 96 15 58 91 12 48 30 49 92 12 13 49 66 20 21 35 34 37 31 77 35 11 81 10 69 91 74 9 84 2 68 13 32 66 73 3 57 83 82 3 53 67 62 71 36 37 39 64 87 48 70 38 84 26 23 70 45 99 42 34 27 96 9 49 16 0 66 76 84 61 13 32 57 90 77 44 77 36 41 
49 73 66 42 64 91 1 59 40 27 99 70 77 1 0 5 33 53 23 0 37 93 39 49 82 91 49 83 12 50 87 91 46 83 37 31 39 35 19 90 40 71 48 81 52 63 37 82 45 23 93 74 23 75 96 63 85 48 21 8 54 7 64 73 26 18 23 50 47 21 29 98 46 43 9 71 69 28 88 47 88 77 73 50 34 14 80 83 63 28 61 45 56 91 62 87 23 17 28 77 
7 8 73 16 22 44 62 27 85 65 68 24 83 44 8 23 78 15 63 14 51 74 69 48 0 67 42 81 47 29 66 89 80 17 21 24 15 89 64 11 83 5 13 86 6 91 17 89 31 10 46 78 44 66 58 42 11 94 22 51 35 42 31 99 26 87 73 55 94 64 13 74 57 65 59 87 49 95 68 4 4 50 24 44 51 98 83 84 81 17 52 9 7 83 31 14 41 87 20 83 
15 93 92 40 65 89 3 96 28 35 37 64 14 84 21 69 40 27 12 25 6 43 44 52 70 56 12 41 29 72 17 74 54 77 54 98 40 44 36 33 11 72 81 57 13 43 90 88 95 96 94 52 17 1 33 22 86 39 4 58 89 24 47 67 3 60 37 62 82 87 74 35 49 65 67 8 89 56 78 16 51 14 84 19 84 43 87 44 1 81 15 68 31 80 87 57 9 53 20 21 
27 65 2 16 51 55 76 71 2 6 25 55 70 0 50 77 77 80 66 95 48 41 27 42 97 2 11 86 77 81 27 91 14 87 91 78 9 86 26 35 11 66 36 88 26 12 9 74 5 44 27 97 15 49 70 86 68 10 19 9 92 39 95 89 21 12 13 67 71 9 23 21 82 36 73 46 52 18 51 93 12 96 53 92 74 13 51 3 23 47 37 66 59 32 39 29 26 97 33 49 
36 85 47 79 81 35 99 43 64 59 47 84 13 84 24 67 84 78 91 93 20 14 59 13 9 67 51 93 46 50 10 3 90 13 52 63 81 43 31 42 65 15 78 26 58 79 80 25 26 0 85 92 45 35 0 86 21 1 68 59 33 6 64 24 71 70 12 87 90 66 19 87 13 41 38 32 1 46 22 88 65 70 73 32 23 25 41 37 26 21 73 41 74 58 80 90 40 99 39 37 
47 93 74 6 50 34 62 80 67 73 82 91 86 92 11 13 18 56 88 70 45 97 58 49 31 21 33 60 9 93 23 59 38 47 69 76 5 30 2 79 48 35 82 50 28 76 64 0 26 25 47 33 18 66 96 61 62 36 95 10 74 48 38 35 9 98 34 87 30 3 19 73 7 36 76 33 82 35 39 87 51 20 46 62 37 10 70 84 68 98 34 32 22 31 31 76 49 82 99 80 
56 76 84 71 46 1 79 88 95 64 24 71 96 84 12 38 81 17 40 94 17 64 79 98 58 55 95 62 46 20 88 47 45 35 14 47 99 14 32 15 96 89 20 81 70 18 29 91 16 82 46 31 45 9 85 64 6 35 69 37 59 92 83 25 67 17 3 6 39 14 5 58 37 18 70 75 49 50 49 34 60 42 73 67 59 6 37 2 78 0 69 77 86 37 98 36 19 25 61 21 
42 66 32 82 90 28 94 15 49 27 13 32 86 5 16 6 73 47 13 33 70 13 87 90 89 84 73 82 17 7 36 31 88 26 5 29 79 39 61 23 86 89 60 59 50 22 84 20 65 15 24 23 2 15 32 52 41 48 10 17 61 17 58 35 56 4 47 28 79 46 82 25 79 1 54 77 31 17 92 45 52 83 3 93 73 85 87 35 78 42 39 7 6 49 37 7 68 39 6 88 
55 14 13 76 22 87 60 97 27 56 72 81 53 50 80 44 44 12 13 12 8 97 52 71 94 39 56 78 78 89 26 67 92 18 55 64 37 54 29 6 56 76 64 97 94 73 82 22 23 92 84 53 10 38 35 73 83 96 80 16 75 7 16 7 91 7 87 44 57 75 81 82 55 59 57 59 33 63 93 29 42 92 18 95 65 81 2 28 90 4 52 53 22 64 7 94 43 4 1 2 
13 41 60 44 80 57 14 65 99 57 97 44 48 21 47 75 26 61 64 2 15 86 56 52 85 29 95 70 23 6 97 89 43 5 7 0 11 66 43 45 60 83 3 30 79 98 9 27 11 10 90 38 9 6 92 48 62 89 4 22 62 49 24 57 49 6 89 2 7 85 33 97 16 92 15 33 89 12 58 85 44 82 47 0 82 70 37 66 59 93 19 17 73 44 5 91 44 9 3 86 
22 58 15 47 7 60 31 80 55 94 26 48 55 18 27 64 24 23 78 35 82 76 56 45 28 44 13 69 4 6 8 72 90 66 33 61 40 85 81 47 73 85 19 47 70 21 86 91 16 20 48 83 40 67 85 69 15 40 26 40 45 40 20 92 0 1 76 62 96 24 52 94 23 97 27 80 26 49 41 87 58 19 57 2 48 86 44 9 73 65 39 52 19 16 55 31 64 58 42 42 
88 92 61 61 8 49 81 10 91 82 3 45 2 88 28 53 56 72 32 29 0 26 21 18 45 29 90 87 41 10 78 60 33 91 19 72 49 34 90 65 5 97 44 37 19 36 94 90 14 93 5 77 10 72 22 80 84 96 92 73 49 68 37 74 22 17 66 67 54 55 9 73 44 54 1 20 70 11 33 71 15 7 88 50 4 91 37 84 29 60 61 22 22 85 57 71 10 91 38 98 
51 21 38 26 87 76 1 96 32 4 4 50 83 27 92 94 2 42 2 36 9 54 90 76 49 21 13 7 92 21 96 37 88 79 21 84 84 8 0 87 2 44 71 17 46 60 30 2 79 97 2 82 95 34 34 65 38 43 98 3 97 6 99 5 33 86 15 3 85 17 19 27 35 34 50 22 71 0 36 54 29 34 31 24 54 15 9 63 16 23 46 9 61 7 31 0 69 73 19 7 
47 64 5 70 66 87 98 87 59 99 49 75 98 34 32 40 93 33 92 0 33 14 71 46 52 35 73 8 73 45 46 20 93 64 30 47 86 54 51 95 83 2 26 71 55 24 18 65 57 86 22 83 87 68 33 30 77 99 68 27 5 46 50 95 21 26 67 41 8 96 55 62 49 77 24 4 84 33 87 71 90 59 67 0 35 48 31 46 14 26 84 75 45 27 38 50 93 82 79 50 
60 45 36 72 1 47 60 8 93 4 46 94 44 95 87 91 49 59 81 72 73 37 54 78 56 17 19 75 10 51 58 89 62 40 97 5 89 29 14 9 41 15 16 34 70 28 7 11 57 12 43 26 39 76 37 86 28 47 19 52 44 14 60 54 82 98 55 9 63 94 92 42 73 18 24 95 25 82 46 98 38 24 54 18 96 78 53 94 99 26 72 99 3 74 98 21 43 6 33 96 
45 7 28 95 58 11 46 9 66 6 81 72 25 55 61 30 99 67 87 78 94 1 29 30 94 24 51 86 22 93 71 10 21 87 21 35 77 27 2 40 23 40 23 67 7 36 60 37 42 61 14 65 25 29 79 63 35 83 24 25 15 30 85 63 55 47 28 48 5 9 25 20 60 79 4 0 86 8 55 82 51 97 74 65 92 70 28 77 40 92 84 31 74 26 68 31 9 55 68 1 
33 38 22 82 47 43 24 39 90 18 63 43 27 42 99 1 78 63 56 52 62 50 23 42 31 32 59 23 50 2 89 74 72 41 49 16 54 78 8 64 33 87 43 59 2 82 86 13 88 85 25 32 25 46 33 83 9 41 42 77 13 73 99 68 55 12 71 87 23 49 43 8 77 78 72 6 15 61 90 26 82 19 37 60 21 96 31 59 86 17 46 35 39 39 3 93 98 59 31 56 
64 87 9 49 12 60 97 88 8 84 96 74 36 58 11 50 45 67 64 24 88 67 10 35 36 1 32 14 73 91 85 45 57 70 19 17 72 8 82 9 55 43 50 46 82 33 40 42 30 24 36 84 64 36 18 15 15 46 15 7 4 64 34 84 88 6 8 22 49 39 99 9 73 53 26 78 4 53 62 42 80 18 52 53 81 47 3 77 94 19 38 1 34 37 21 92 44 28 76 26 
89 81 69 20 78 58 60 55 37 97 63 59 31 90 75 37 97 61 68 59 23 24 51 38 28 75 70 28 12 88 52 4 90 61 55 15 22 88 82 43 6 18 71 29 59 75 61 51 82 46 69 60 91 20 66 75 3 89 82 46 21 65 91 79 70 88 30 24 65 65 50 60 55 80 93 93 75 98 67 26 34 44 35 80 90 91 53 89 60 60 36 33 67 96 9 61 31 73 48 48 
62 69 20 36 12 50 13 53 29 39 3 12 63 6 40 19 12 46 50 67 58 43 56 9 50 8 87 37 98 69 7 20 78 69 2 53 28 73 95 10 35 69 16 40 5 22 7 41 25 85 17 48 72 35 78 26 37 50 96 47 14 39 83 2 13 60 10 6 73 96 80 69 50 85 7 54 14 57 97 10 60 28 44 54 29 40 83 36 38 30 4 75 45 84 94 92 35 28 48 74 
69 80 87 60 98 74 42 50 28 82 24 22 22 89 17 52 82 69 26 87 91 15 75 61 37 12 42 52 84 78 78 51 57 20 80 85 70 45 16 40 77 10 7 5 19 7 47 30 31 75 48 95 9 25 34 21 95 38 71 76 67 12 98 48 33 89 67 7 31 33 18 48 3 60 46 19 59 8 47 88 0 81 28 41 7 73 0 23 75 54 99 23 29 54 27 57 13 35 5 58 
50 63 94 51 74 93 50 24 58 44 48 10 60 56 58 39 39 99 85 51 53 90 96 21 86 15 18 18 32 9 90 65 93 50 26 39 76 77 10 13 63 24 82 60 45 71 10 34 24 62 34 70 25 83 5 58 22 68 13 55 43 72 32 94 69 3 86 85 16 51 59 8 96 84 77 54 65 75 33 71 53 47 82 26 38 80 15 93 25 41 23 40 90 59 53 36 53 82 41 78 
49 67 75 67 11 43 18 88 89 24 54 60 55 29 62 17 29 31 61 16 18 85 77 61 33 11 52 51 91 78 87 88 88 46 80 44 1 86 88 74 5 77 45 43 26 41 64 21 86 32 55 47 31 12 41 91 52 11 42 99 97 32 80 5 1 20 46 61 61 17 96 8 20 6 23 30 1 75 14 68 85 48 53 40 26 88 6 44 83 48 41 36 92 83 41 59 36 24 15 36 
93 62 48 35 64 21 15 59 50 42 92 64 86 87 60 80 36 70 56 25 77 21 87 55 32 88 48 8 32 71 13 23 27 12 10 77 79 71 29 73 11 83 8 39 68 32 19 87 32 41 72 51 75 99 92 74 5 98 12 47 47 13 75 73 72 73 10 80 70 83 13 40 97 25 36 32 36 3 91 77 20 38 97 20 5 62 11 82 42 86 66 27 59 41 50 2 0 82 70 98 
53 86 0 31 20 21 43 34 43 98 10 35 78 24 99 82 79 93 12 68 40 52 76 46 97 23 29 26 91 62 8 5 4 55 30 84 96 46 58 51 94 87 58 39 84 21 11 68 64 21 75 50 67 83 69 19 45 32 48 61 93 30 36 55 14 36 53 34 44 37 36 38 84 14 63 75 52 37 92 21 46 45 93 46 27 92 98 6 74 16 55 51 53 57 60 22 28 81 35 81 
54 17 97 99 28 64 91 85 70 9 62 7 31 38 1 38 60 82 78 55 74 98 11 44 28 40 50 57 83 20 83 25 16 67 85 86 89 28 28 83 28 61 6 1 76 83 79 44 78 46 21 58 55 39 87 52 42 34 1 28 92 54 49 67 27 27 77 35 56 39 65 80 48 76 98 31 29 69 20 79 60 3 31 59 78 42 32 83 55 16 6 87 98 25 34 1 19 60 40 63 
1 73 43 51 96 95 13 5 22 24 26 22 55 94 41 82 95 52 72 49 95 54 16 34 24 49 45 92 59 87 7 36 84 73 77 74 98 45 16 47 70 51 16 55 19 19 46 36 73 85 49 59 29 75 47 17 49 18 71 37 53 83 0 3 48 64 27 56 59 51 37 97 14 63 79 21 72 33 71 43 2 0 11 51 63 95 39 68 38 95 10 62 75 53 77 29 95 5 34 37 
82 89 63 79 78 7 57 64 42 16 62 9 24 61 21 67 31 88 65 67 75 84 72 28 2 20 50 92 43 33 48 57 77 30 82 29 74 80 29 96 24 73 37 88 0 78 83 9 46 84 56 10 64 98 49 28 82 1 61 89 29 60 0 52 18 30 71 3 98 9 60 89 83 32 0 49 46 60 85 19 19 39 73 42 29 57 3 21 98 3 52 65 45 65 27 94 54 10 5 2 
2 39 52 87 56 12 53 81 30 98 87 63 0 98 2 89 81 20 48 94 72 92 87 79 71 76 51 19 1 10 53 44 21 13 92 94 80 90 26 15 72 18 98 47 71 64 61 60 17 88 7 73 26 85 92 6 34 90 99 96 47 93 77 63 80 20 73 19 30 30 46 70 47 56 6 2 89 98 94 16 22 36 81 45 53 64 25 40 55 47 15 91 47 84 39 41 23 24 69 96 
53 59 98 44 84 53 37 96 14 16 7 95 29 13 49 98 17 97 2 20 70 58 84 69 95 27 23 12 78 56 67 30 28 89 97 20 95 28 69 29 70 61 34 87 97 6 67 84 18 11 1 34 71 80 37 99 53 25 43 54 96 29 27 26 40 93 51 26 48 71 89 97 57 30 71 99 69 48 8 23 23 23 64 22 66 37 82 75 22 6 45 33 47 26 26 14 9 67 33 78 
62 43 94 0 42 14 40 82 72 7 46 31 74 9 90 36 86 64 76 95 2 23 64 92 85 36 15 32 27 98 5 68 11 55 94 30 62 26 95 42 91 62 12 92 77 32 12 48 49 5 82 21 32 16 1 59 87 58 26 43 21 95 66 40 89 48 44 51 57 2 47 62 26 98 39 22 45 80 16 74 57 41 44 47 22 84 83 77 81 65 0 46 21 61 65 22 41 45 9 91 
39 5 73 78 1 74 77 33 62 70 92 50 31 64 19 0 50 52 30 72 83 37 91 39 25 85 24 90 67 4 35 74 20 51 8 74 23 55 17 41 75 70 20 24 15 37 70 72 97 99 95 51 92 57 34 85 6 19 50 33 87 25 9 93 15 85 48 46 22 16 63 59 10 7 75 97 72 97 77 55 15 30 20 6 33 90 34 12 68 34 19 57 4 53 31 38 45 39 21 10 
44 70 0 29 21 34 61 15 84 23 28 37 24 41 47 74 14 99 81 80 22 94 64 51 11 68 82 67 67 4 80 30 90 41 19 29 5 27 74 7 85 68 60 10 15 83 44 77 59 97 42 49 46 20 48 88 89 93 17 98 70 93 40 86 16 88 60 1 58 17 11 54 64 91 16 26 49 64 6 52 20 31 62 11 22 24 27 86 99 93 36 57 53 45 78 71 29 15 40 87 
48 28 23 14 97 93 21 41 59 21 57 51 61 90 28 58 3 73 54 83 96 35 20 94 15 57 32 95 23 67 54 62 78 41 62 1 11 82 10 7 74 78 17 11 37 73 8 46 77 28 76 94 83 68 60 95 55 81 36 19 44 60 6 29 21 28 5 6 20 73 95 76 33 14 99 78 89 49 14 32 36 73 33 54 51 7 24 79 46 60 18 52 25 18 49 30 21 84 22 36 
26 87 36 65 11 70 78 90 9 66 71 34 7 47 98 45 77 81 60 62 96 26 64 48 22 39 45 0 58 94 84 81 82 55 2 88 47 41 58 25 77 39 78 41 24 14 66 66 25 22 61 92 49 9 28 49 39 98 69 75 80 69 16 16 96 14 40 30 22 48 36 49 92 97 83 38 85 99 97 97 79 69 63 85 20 86 22 10 35 41 6 59 75 42 44 61 60 39 10 72 
88 35 7 41 76 39 11 43 63 78 11 34 11 39 80 21 27 0 84 66 59 52 18 84 98 72 51 20 57 51 49 24 93 1 23 96 99 6 97 74 29 22 25 21 8 19 6 12 56 12 52 7 8 97 16 18 6 40 86 45 85 42 40 68 29 75 0 92 54 45 21 13 97 60 82 54 47 38 44 38 32 45 53 0 0 73 85 93 63 86 20 40 62 43 75 79 19 4 51 88 
21 81 44 42 45 39 87 41 92 99 78 7 47 73 48 97 7 26 23 73 1 37 57 53 65 95 59 68 60 61 80 28 96 74 69 40 59 4 74 74 59 47 69 63 65 68 88 62 91 4 40 55 19 18 93 53 81 45 43 13 16 77 85 68 66 27 76 23 21 87 38 62 84 65 56 15 85 88 53 47 26 31 56 33 59 68 57 86 28 81 55 85 87 73 64 16 68 53 61 99 
23 43 32 27 54 78 88 69 44 82 87 48 13 70 37 37 59 60 32 85 68 65 99 92 13 60 40 92 62 35 61 48 59 52 78 74 47 18 27 67 82 92 27 13 68 93 61 93 64 49 2 63 23 99 28 74 2 43 29 4 24 98 91 78 56 20 19 92 89 92 47 11 7 14 4 71 95 13 16 95 54 20 44 14 27 59 37 35 61 46 44 37 18 41 48 33 81 40 63 15 
97 13 99 75 99 72 78 64 54 50 68 65 49 81 93 52 72 98 67 79 39 20 28 93 96 37 35 53 35 99 79 33 70 68 12 94 6 9 6 89 20 63 63 29 32 59 17 67 40 4 69 42 88 6 82 25 93 1 4 10 90 38 30 77 66 86 29 3 11 61 3 55 91 85 25 10 96 78 45 37 25 44 7 93 60 35 68 66 66 86 83 12 21 60 40 98 23 34 66 72 
39 57 46 20 49 59 52 27 2 84 96 21 81 23 21 30 10 64 12 66 95 88 13 96 74 19 97 62 71 57 56 32 46 81 9 90 30 34 58 70 75 10 90 23 42 20 32 22 0 36 70 23 40 42 13 64 63 63 82 52 88 3 6 83 28 40 58 55 28 29 34 58 18 19 3 67 1 56 3 2 92 24 20 84 52 25 43 54 37 33 70 96 74 63 4 57 48 99 56 21 
82 45 49 43 66 93 44 25 65 90 78 96 51 88 40 12 33 84 48 32 20 57 66 42 87 34 14 50 8 81 60 75 23 50 50 9 58 8 80 17 36 27 78 38 80 79 1 53 5 48 11 0 68 22 69 50 29 23 13 58 78 35 21 20 32 23 61 72 3 61 76 47 60 7 34 23 85 6 36 34 45 44 64 56 9 5 39 32 62 7 88 9 31 28 19 42 45 81 86 48 
81 8 19 31 6 45 22 42 41 0 4 99 49 13 84 66 70 5 96 80 32 41 40 31 11 57 31 8 86 83 6 18 4 96 65 5 34 65 98 25 59 86 93 72 97 35 22 93 88 83 93 70 4 50 43 85 97 6 24 34 26 30 48 96 60 61 26 85 84 32 63 31 88 11 55 29 24 61 78 1 63 87 41 59 65 70 23 25 75 18 62 88 99 61 80 59 68 33 79 3 
84 50 61 16 12 12 3 26 19 19 28 49 71 24 77 53 53 8 12 12 95 26 37 14 47 25 55 20 21 93 59 40 85 99 46 4 86 84 8 35 90 79 61 35 20 22 3 9 94 80 88 35 14 53 6 12 75 42 32 89 11 20 66 26 88 61 88 51 0 80 71 44 65 46 8 50 21 71 17 64 33 75 9 48 24 48 48 95 3 75 15 76 38 80 61 7 81 99 98 13 
16 44 23 57 92 39 50 87 91 48 7 36 2 25 75 73 21 82 7 89 70 60 89 19 2 93 95 41 40 79 33 42 63 7 52 27 3 80 74 36 82 56 59 31 85 65 32 97 4 16 56 3 6 6 13 64 70 44 20 42 25 9 95 58 9 30 46 88 53 97 80 86 50 52 19 63 53 8 6 3 75 5 94 34 57 65 63 46 88 69 13 69 51 39 66 13 90 24 86 58 
15 31 80 61 19 23 98 2 32 38 65 13 4 58 14 20 56 28 56 5 94 63 13 93 88 54 2 24 14 30 11 3 49 58 99 81 85 7 97 63 64 82 87 74 0 11 6 87 23 60 87 45 69 47 20 8 18 53 6 41 88 11 93 37 3 65 4 35 11 68 47 10 14 72 2 2 75 19 88 73 66 1 64 33 96 28 63 85 85 5 26 77 93 20 97 58 8 45 75 5 
98 32 40 91 66 17 77 13 8 67 39 68 8 30 71 43 97 43 64 12 83 89 54 17 45 1 82 12 18 29 37 13 18 72 33 2 23 97 29 19 85 58 32 75 30 67 41 38 90 48 78 61 59 23 95 3 96 21 36 62 71 62 93 73 11 30 4 87 43 67 48 0 60 25 2 14 65 73 13 87 36 26 14 84 76 63 63 17 1 40 39 52 28 87 23 3 20 98 68 74 
0 56 9 68 22 20 13 20 99 52 76 88 31 81 50 81 91 78 21 70 54 8 72 73 65 97 20 18 27 60 94 39 59 67 25 99 31 54 22 79 0 11 92 70 39 10 85 72 8 8 70 2 13 62 6 3 50 20 87 30 14 22 16 42 68 45 90 38 18 63 15 22 66 67 40 33 96 69 51 90 87 32 96 24 47 1 74 33 66 59 72 18 34 55 61 55 62 74 79 23 
17 40 7 33 3 44 5 38 5 65 41 49 39 39 94 78 88 47 3 35 18 90 35 64 11 45 53 3 67 9 72 99 62 1 7 76 12 37 21 79 7 3 42 46 98 56 69 71 8 76 85 66 66 67 49 43 36 5 9 56 21 86 34 3 26 53 85 32 77 54 31 50 82 74 35 30 82 88 4 7 46 93 36 96 18 79 29 99 7 42 76 4 21 11 36 41 53 93 40 95 
2 72 23 77 42 27 62 27 96 43 63 58 16 90 37 46 74 93 36 40 22 48 26 81 15 93 30 51 55 76 32 10 79 11 66 86 39 2 29 51 32 72 18 28 96 82 95 52 18 83 77 6 82 77 96 9 71 59 13 36 11 83 50 6 15 98 2 31 92 30 4 60 66 31 90 22 71 46 78 67 17 61 68 6 27 71 49 54 45 66 24 63 11 14 9 89 12 34 90 38 
59 68 9 64 65 21 74 38 92 13 51 21 32 16 37 78 65 30 41 34 8 17 51 2 5 32 21 20 84 58 95 94 98 91 38 22 78 14 79 77 53 4 5 0 71 8 25 91 7 11 29 80 25 22 90 20 22 17 91 40 99 55 31 19 6 36 74 38 77 21 23 8 76 98 28 34 98 8 51 86 35 30 92 8 40 97 50 49 54 83 54 4 83 12 89 1 50 98 94 3 
18 63 72 61 26 68 33 5 60 25 11 61 31 58 6 82 21 0 18 85 32 23 6 83 79 26 6 24 32 26 5 23 13 36 2 65 35 38 63 76 31 74 46 54 52 23 75 14 87 60 91 28 58 64 36 99 82 69 25 72 58 27 43 85 57 38 99 21 39 95 90 90 97 48 75 63 21 47 32 32 48 51 48 38 2 83 95 55 73 84 74 29 38 2 36 57 68 48 29 88 
10 79 47 77 67 10 30 90 32 39 4 48 94 85 73 11 37 19 99 3 56 56 21 43 82 39 77 92 80 80 36 93 23 91 93 80 37 33 52 98 15 34 12 86 6 82 34 75 75 66 21 43 87 44 83 62 38 17 49 56 18 91 74 66 24 55 84 23 23 97 28 50 35 90 7 90 84 0 76 55 27 8 95 27 5 49 83 67 60 41 37 66 58 44 77 62 59 83 4 82 
92 53 90 12 32 55 65 84 12 42 54 77 11 23 24 19 8 42 61 68 34 70 11 22 27 12 56 41 48 45 30 13 33 97 83 43 42 38 94 41 29 82 0 30 45 76 61 67 42 72 66 46 86 57 13 37 43 6 0 27 45 72 37 88 54 31 25 71 77 67 27 15 60 37 27 39 54 57 64 35 76 94 25 42 10 77 39 73 72 79 44 8 41 14 26 95 83 60 19 24 
48 97 95 12 54 62 26 90 62 50 80 35 30 38 74 34 34 63 15 80 71 90 0 72 95 84 23 39 0 3 6 58 5 73 54 18 5 54 97 41 65 23 53 95 11 5 34 28 28 39 63 80 48 72 24 7 72 45 91 38 73 82 12 33 66 30 89 3 65 16 53 43 94 7 20 60 49 5 96 67 63 52 99 87 62 69 85 65 40 57 11 93 21 93 68 37 52 93 15 49 
8 61 17 47 87 86 16 20 54 22 68 54 10 6 1 59 31 60 98 98 35 2 33 89 53 41 54 95 22 81 4 58 88 72 61 7 46 73 33 21 95 15 35 63 14 30 7 70 21 2 19 91 96 50 64 24 93 6 95 25 6 99 28 81 86 78 30 38 80 68 64 81 92 49 92 97 87 12 52 79 85 58 53 58 33 65 40 16 25 71 22 16 66 15 52 46 30 11 51 56 
0 62 56 46 17 64 47 60 45 59 97 90 99 97 79 48 92 68 94 60 44 97 19 53 71 80 68 69 4 10 92 9 88 36 21 98 29 71 84 52 75 40 65 59 55 62 58 78 90 34 84 35 72 51 7 54 25 42 62 78 80 91 1 77 26 97 36 47 9 90 68 9 98 79 8 22 32 42 92 91 79 0 1 71 47 6 25 69 68 39 52 53 13 44 75 40 72 10 68 76 
90 86 74 31 75 91 7 67 0 93 31 66 78 58 90 79 30 77 85 49 12 28 13 86 12 94 81 42 12 26 45 21 22 91 55 14 32 80 0 94 9 14 2 49 17 87 97 51 65 53 80 73 68 96 17 21 9 48 36 27 74 90 60 34 9 48 10 27 1 80 25 87 0 45 10 83 22 32 93 31 16 30 81 23 21 17 65 50 52 80 2 72 56 74 99 47 81 6 79 96 
20 8 14 14 96 68 70 43 58 52 47 75 70 79 68 46 91 23 84 13 77 42 49 51 57 65 77 76 12 57 18 18 91 42 90 56 15 36 78 3 93 72 86 91 64 8 70 18 34 71 99 3 39 27 97 5 80 84 67 85 3 63 60 22 56 18 73 11 83 80 75 38 99 36 66 99 90 71 21 19 42 9 24 54 48 99 72 75 62 70 43 22 2 99 80 66 25 28 79 24 
90 34 7 20 47 11 71 7 92 57 44 25 78 72 41 55 30 97 48 31 83 52 0 15 17 39 2 44 47 87 53 60 6 74 41 21 18 25 82 99 2 1 60 76 7 89 90 79 70 70 77 79 19 21 34 44 36 40 59 14 37 3 30 62 87 85 82 9 24 96 6 48 36 9 79 48 33 47 5 77 0 69 53 54 85 22 34 34 70 93 62 34 17 73 10 89 15 91 48 57 
17 29 11 68 97 93 16 81 92 87 84 48 75 91 86 91 2 90 47 95 17 99 35 59 77 85 54 19 85 23 38 31 81 59 62 61 10 42 67 47 28 76 19 10 4 3 28 28 23 86 53 53 59 33 10 45 42 18 52 43 48 53 24 64 76 3 18 77 51 84 5 51 16 71 28 30 48 82 41 28 6 94 89 46 0 44 68 43 44 41 87 32 77 63 27 25 57 12 63 82 
84 54 17 27 42 88 61 56 85 12 35 91 79 89 58 32 30 87 1 43 15 13 4 44 60 71 46 76 57 88 14 86 56 97 63 49 52 98 25 83 51 48 65 17 8 4 20 50 92 59 75 96 22 87 45 18 40 5 21 51 8 23 14 91 41 60 88 47 3 97 61 93 0 91 60 66 91 26 68 19 81 64 72 18 75 34 9 6 51 66 41 44 78 38 31 4 25 36 75 91 
19 71 64 13 2 76 30 38 1 4 85 45 14 13 83 93 12 23 93 12 39 97 37 53 7 73 2 89 17 56 88 11 91 97 62 88 55 84 66 57 79 74 51 11 59 91 12 38 14 74 88 88 9 80 53 68 2 95 18 21 13 57 4 9 21 78 11 76 1 34 29 87 30 31 74 17 4 89 72 31 97 34 14 35 17 72 78 87 76 93 35 26 29 55 10 80 71 4 60 86 
41 19 33 21 73 59 91 83 92 76 58 21 76 40 51 67 71 71 11 1 77 14 37 11 32 1 70 20 78 23 56 10 26 42 33 81 22 67 65 5 17 23 7 53 41 19 8 85 35 81 96 66 89 63 1 68 43 55 29 57 18 44 35 53 98 76 29 92 63 91 25 99 29 79 33 5 50 56 88 69 56 45 57 74 0 36 2 2 6 87 74 87 30 95 34 5 79 5 66 79 
86 86 54 61 93 31 98 54 64 94 23 84 3 20 95 13 1 84 41 99 13 70 37 2 96 31 48 35 50 84 67 28 84 33 68 71 65 77 74 9 79 34 74 72 32 30 21 39 54 83 44 64 12 55 30 26 30 97 1 0 43 42 68 29 16 71 79 58 52 50 75 13 30 96 28 31 19 74 60 4 53 34 73 49 39 64 10 19 17 28 78 98 74 18 14 1 52 61 24 96 
48 96 67 69 87 63 33 36 56 28 79 96 35 29 12 91 77 61 76 69 81 17 26 83 14 57 96 27 90 91 70 46 67 63 53 87 24 71 2 78 58 74 26 99 68 15 7 4 3 83 72 0 46 47 85 22 89 43 82 29 71 36 77 17 42 78 86 38 82 86 6 35 95 33 25 98 91 97 68 58 9 42 59 33 39 59 28 31 9 3 88 22 67 64 2 99 93 6 61 26 
45 89 13 62 17 3 13 7 49 39 31 63 75 57 68 86 25 85 18 5 39 1 39 54 26 1 96 98 92 51 18 19 25 27 51 99 1 52 5 44 55 60 26 21 0 89 48 80 73 12 79 94 95 14 70 41 60 28 35 69 34 28 78 21 9 66 77 34 6 60 57 19 91 4 15 43 38 69 53 0 52 21 67 61 80 90 66 63 52 52 64 83 96 57 35 64 55 30 10 71 
46 10 10 50 73 40 18 56 95 38 57 61 37 79 99 50 52 48 50 32 59 67 14 94 47 31 0 84 85 0 95 62 87 94 79 79 27 60 17 74 28 79 39 14 39 83 82 21 53 53 94 60 69 97 17 69 69 22 90 77 64 52 39 43 82 13 88 52 11 79 90 56 17 13 92 41 37 48 25 19 12 72 46 91 10 51 29 28 2 1 7 75 88 45 14 30 71 39 78 12 
19 38 8 42 62 4 51 21 48 19 91 66 81 18 71 34 78 65 39 35 72 89 90 42 60 67 80 59 14 19 63 35 49 32 40 60 78 87 32 2 60 91 76 39 59 7 4 31 72 30 26 6 21 5 27 7 18 32 66 42 86 42 42 60 70 50 12 46 38 6 96 59 93 89 36 26 72 98 29 23 98 98 67 41 18 50 87 64 36 37 91 12 25 3 16 97 85 71 15 92 
2 47 14 74 75 61 24 68 58 23 43 83 58 43 97 52 11 28 77 7 91 45 3 15 45 71 39 17 36 65 66 2 78 99 34 54 1 10 83 83 82 87 17 49 97 26 84 68 40 50 53 62 99 2 47 81 87 22 6 24 1 89 79 97 66 65 52 75 5 97 53 77 24 6 71 59 58 6 52 35 93 37 84 87 7 16 58 52 75 7 90 23 25 61 61 43 82 15 73 78 
53 41 7 68 20 32 34 16 27 25 58 10 49 80 45 5 73 52 36 90 53 82 9 16 60 57 80 61 29 29 48 69 86 19 4 90 58 59 13 23 86 55 17 74 38 16 60 39 51 66 78 70 52 48 30 72 26 72 1 52 32 64 74 21 43 62 4 62 77 58 60 46 24 89 41 81 10 84 98 11 2 33 3 83 57 9 90 91 78 31 15 98 67 48 53 38 38 31 28 80 
38 71 8 88 65 11 35 41 1 1 69 76 22 58 63 71 40 12 11 6 10 45 42 29 98 48 75 25 85 38 54 27 57 46 28 45 73 96 34 8 69 22 0 86 43 0 71 21 89 10 56 15 52 51 31 28 40 41 68 48 33 22 29 1 34 8 44 17 44 41 34 56 89 76 92 93 37 76 97 41 16 30 1 84 69 45 57 90 63 10 38 45 6 12 86 81 21 57 52 0 
77 5 24 72 56 35 91 81 39 30 80 15 84 41 3 7 97 42 92 61 57 80 75 14 60 95 27 27 25 60 97 90 77 65 55 23 87 10 56 34 26 57 45 47 43 87 57 82 7 19 69 36 63 14 7 89 54 16 11 19 7 34 98 15 52 60 43 99 18 18 92 32 46 13 54 89 95 79 7 67 77 75 78 55 9 21 8 1 54 6 27 82 79 30 56 3 46 51 60 31 
37 86 9 59 11 79 58 41 97 46 9 24 17 99 14 14 47 77 68 13 58 26 89 22 73 9 81 47 71 90 43 3 19 79 5 60 72 27 69 56 57 47 64 12 8 6 22 85 8 37 18 23 3 91 79 68 77 71 95 37 42 52 23 47 26 72 48 13 55 80 32 28 6 23 48 55 34 1 84 92 49 93 3 26 29 74 69 56 26 91 98 99 48 38 61 79 40 78 88 32 
46 27 50 6 58 85 51 77 19 43 3 7 78 83 74 82 43 7 57 43 18 86 36 55 78 71 8 27 26 20 51 91 74 75 88 55 83 86 7 66 18 21 15 86 55 44 99 83 63 73 9 67 59 43 99 27 89 32 80 40 8 91 77 36 71 25 4 85 34 17 95 78 92 43 85 65 96 63 22 57 99 21 49 14 50 26 55 69 44 92 53 8 25 31 48 37 5 65 20 26 
55 15 39 33 6 76 0 97 33 94 68 92 72 18 91 86 74 41 82 35 10 80 68 12 39 79 94 40 43 78 88 20 5 52 8 83 26 45 49 48 53 33 0 81 38 57 53 1 73 98 38 43 54 83 88 45 96 56 87 80 94 1 82 93 66 11 81 49 88 97 42 71 65 21 67 10 21 22 43 94 33 49 94 79 81 47 77 45 97 17 9 64 34 61 76 20 40 13 51 45 
34 5 25 99 61 34 23 36 48 19 27 12 35 87 63 58 99 1 56 38 26 63 94 30 43 47 37 25 80 89 84 88 38 64 98 79 21 91 6 44 53 47 7 89 75 12 36 64 20 39 8 30 27 66 45 45 37 66 94 11 26 8 98 27 81 95 27 42 44 85 60 20 2 28 74 4 69 31 17 9 92 77 81 11 55 37 51 81 36 87 70 4 6 81 53 76 11 10 6 2 
84 83 43 50 32 7 49 53 57 24 87 77 30 86 48 84 92 32 7 2 27 1 49 39 99 61 15 17 16 8 54 86 79 26 25 16 19 87 47 80 58 81 40 44 23 31 76 1 4 12 21 44 3 57 79 68 39 72 70 24 48 82 88 5 54 29 54 36 70 29 12 81 85 63 46 22 95 32 29 65 8 45 81 72 60 59 33 96 12 13 10 79 34 47 19 53 57 13 88 88 
34 84 48 64 66 9 57 24 38 0 31 26 43 6 84 16 98 6 46 69 59 24 73 57 3 11 51 5 52 42 97 90 96 29 24 90 85 93 64 24 84 3 3 87 3 80 73 73 49 15 19 56 35 87 77 34 20 4 85 53 22 51 64 53 6 60 67 29 10 99 7 31 64 34 92 60 30 54 68 71 84 33 6 73 90 55 49 49 50 48 15 37 8 84 82 89 88 0 65 74 
64 88 2 86 83 77 7 77 25 29 70 75 80 61 97 85 22 59 62 12 68 19 0 46 34 95 22 42 36 97 39 98 89 92 14 27 45 71 51 55 36 41 54 7 13 90 8 34 49 65 99 94 81 54 89 50 76 5 0 56 45 56 64 51 79 14 46 28 94 81 56 84 3 69 76 97 99 37 45 54 41 17 24 67 96 13 96 2 34 49 44 71 46 37 85 75 83 71 50 59 
74 62 50 13 50 34 5 99 86 10 82 87 58 68 9 68 30 79 60 74 24 1 27 95 76 27 0 84 69 14 23 90 69 27 54 35 52 27 16 75 29 4 19 27 46 6 7 99 99 61 17 83 49 5 32 4 7 67 7 16 92 40 40 24 62 44 51 24 43 16 65 44 18 75 14 48 68 30 49 29 91 22 0 95 34 18 56 67 78 25 65 54 25 16 85 60 42 40 85 41 
69 11 57 30 11 68 25 44 7 80 8 58 93 19 32 28 55 0 69 90 71 24 27 29 65 19 22 0 1 0 29 91 35 26 35 85 41 87 35 22 68 2 70 19 35 63 65 12 76 54 93 42 64 12 8 91 58 33 28 43 67 99 18 33 32 49 55 96 71 23 57 2 43 81 1 78 43 59 84 29 44 89 56 28 10 62 48 35 68 13 22 53 3 1 44 34 34 77 89 49 
7 29 62 92 39 80 77 65 18 67 28 42 65 56 32 14 29 70 88 9 53 60 69 94 79 64 36 20 39 82 82 96 51 45 54 76 90 1 16 10 96 6 5 62 93 12 43 34 45 87 58 41 83 41 12 94 29 66 41 26 28 7 93 83 48 2 62 26 10 16 20 43 48 16 11 83 37 88 17 87 86 58 84 75 20 73 39 49 62 11 75 68 37 4 27 95 42 56 8 94 
68 78 64 23 16 31 75 16 93 89 96 72 15 50 58 35 10 39 82 88 54 28 10 50 54 99 94 12 49 89 14 44 56 75 37 9 46 40 53 53 77 63 70 19 97 24 95 34 50 68 86 33 85 37 19 19 22 58 25 14 53 34 60 96 82 38 38 31 19 26 27 34 88 61 34 91 4 60 71 58 95 27 6 13 6 77 97 46 35 21 21 82 41 21 21 15 42 72 11 76 
19 91 43 83 83 11 69 84 8 65 94 16 83 57 42 17 34 16 37 40 75 37 32 58 6 2 1 79 83 56 49 4 33 63 40 40 70 83 58 90 53 67 65 65 72 42 39 67 61 12 94 66 43 25 85 88 76 53 64 22 42 75 15 35 23 95 18 25 9 14 37 37 82 91 47 39 75 37 88 53 79 10 48 4 27 82 20 78 47 5 71 86 7 89 57 25 11 31 10 43 
16 59 82 17 12 45 96 60 24 39 57 61 48 85 43 82 98 12 18 6 19 14 77 1 54 97 99 94 30 70 71 44 23 36 18 54 64 0 97 30 3 83 91 81 35 31 84 77 22 22 9 10 31 97 30 9 43 75 42 94 80 5 54 65 17 45 76 72 23 81 65 35 15 18 81 96 10 0 38 47 9 33 32 64 21 58 75 36 21 72 65 46 65 15 5 91 39 55 5 91 
16 72 40 74 54 59 31 89 75 37 33 70 92 32 4 7 67 24 50 25 26 8 28 64 57 73 34 84 17 14 23 36 70 12 27 62 62 67 86 14 39 10 90 0 27 88 23 43 82 48 58 31 40 82 68 33 99 42 77 30 95 37 36 89 84 1 89 65 4 42 73 50 82 74 28 79 18 73 28 40 81 9 24 28 40 95 64 2 4 75 64 24 8 53 24 40 59 92 86 62 
64 91 28 13 47 82 91 93 92 98 72 34 18 4 74 3 85 27 8 49 88 83 57 45 74 61 41 71 31 1 38 85 9 95 99 51 24 69 88 48 63 51 18 25 47 60 59 60 25 61 73 56 71 36 43 91 99 2 93 68 76 27 94 10 1 41 47 8 95 68 17 63 61 93 74 81 61 58 92 87 22 21 6 1 41 55 3 37 76 91 28 77 37 67 65 65 78 94 75 96 
